-1.1544520030083123 -0.20036405696168874 0 -0.5705390487457328 0
-1.1544186418740336 -0.20030001948144857 0 -0.5706000377706113 0
-1.1543852807397552 -0.20023600283807225 0 -0.5706610058179554 0
-1.1543519196054766 -0.20017200701035787 0 -0.570721952908948 0
-1.1543185584711981 -0.20010803197714078 0 -0.570782879064735 0
-1.1542851973369195 -0.2000440777172901 0 -0.570843784306428 0
-1.1542518362026408 -0.19998014420971194 0 -0.5709046686551021 0
-1.1542184750683624 -0.19991623143334755 0 -0.5709655321317972 0
-1.1541851139340837 -0.19985233936717225 0 -0.5710263747575187 0
-1.1541517527998053 -0.19978846799019837 0 -0.5710871965532355 0
-1.1541183916655267 -0.1997246172814716 0 -0.5711479975398828 0
-1.154085030531248 -0.1996607872200739 0 -0.5712087777383597 0
-1.1540516693969696 -0.19959697778512228 0 -0.5712695371695303 0
-1.154018308262691 -0.19953318895576735 0 -0.5713302758542248 0
-1.1539849471284125 -0.19946942071119617 0 -0.5713909938132372 0
-1.1539515859941338 -0.19940567303062884 0 -0.5714516910673284 0
-1.1539182248598552 -0.19934194589332144 0 -0.5715123676372234 0
-1.1538848637255767 -0.19927823927856453 0 -0.5715730235436125 0
-1.153851502591298 -0.19921455316568187 0 -0.5716336588071531 0
-1.1538181414570197 -0.19915088753403334 0 -0.571694273448466 0
-1.153784780322741 -0.1990872423630115 0 -0.5717548674881399 0
-1.1537514191884624 -0.1990236176320443 0 -0.5718154409467276 0
-1.153718058054184 -0.19896001332059393 0 -0.5718759938447481 0
-1.1536846969199053 -0.19889642940815538 0 -0.5719365262026871 0
-1.1536513357856266 -0.19883286587425889 0 -0.5719970380409956 0
-1.1536179746513482 -0.19876932269846861 0 -0.5720575293800902 0
-1.1535846135170695 -0.1987057998603813 0 -0.5721180002403552 0
-1.153551252382791 -0.1986422973396292 0 -0.5721784506421392 0
-1.1535178912485125 -0.19857881511587638 0 -0.5722388806057593 0
-1.1534845301142338 -0.198515353168822 0 -0.572299290151497 0
-1.1534511689799554 -0.1984519114781986 0 -0.5723596792996009 0
-1.1534178078456767 -0.19838849002377099 0 -0.5724200480702871 0
-1.1533844467113983 -0.19832508878533894 0 -0.5724803964837366 0
-1.1533510855771196 -0.19826170774273402 0 -0.572540724560099 0
-1.153317724442841 -0.198198346875822 0 -0.5726010323194892 0
-1.1532843633085625 -0.1981350061645021 0 -0.5726613197819891 0
-1.153251002174284 -0.1980716855887051 0 -0.5727215869676487 0
-1.1532176410400055 -0.19800838512839664 0 -0.5727818338964834 0
-1.1531842799057268 -0.19794510476357347 0 -0.5728420605884773 0
-1.1531509187714482 -0.1978818444742664 0 -0.5729022670635805 0
-1.1531175576371697 -0.19781860424053913 0 -0.57296245334171 0
-1.153084196502891 -0.19775538404248683 0 -0.5730226194427519 0
-1.1530508353686126 -0.19769218386023868 0 -0.5730827653865577 0
-1.153017474234334 -0.19762900367395508 0 -0.5731428911929478 0
-1.1529841131000553 -0.19756584346382994 0 -0.5732029968817094 0
-1.152950751965777 -0.19750270321008956 0 -0.5732630824725969 0
-1.1529173908314982 -0.19743958289299132 0 -0.5733231479853339 0
-1.1528840296972198 -0.5733831934396099 0 -0.19737648249282658 0
-1.1528506685629412 -0.19731340198991715 0 -0.5734432188550839 0
-1.1528173074286625 -0.19725034136461814 0 -0.5735032242513817 0
-1.152783946294384 -0.1971873005973168 0 -0.5735632096480969 0
-1.1527505851601054 -0.1971242796684309 0 -0.5736231750647925 0
-1.152717224025827 -0.19706127855841202 0 -0.573683120520998 0
-1.1526838628915483 -0.19699829724774154 0 -0.5737430460362127 0
-1.1526505017572697 -0.19693533571693408 0 -0.573802951629903 0
-1.1526171406229913 -0.19687239394653577 0 -0.5738628373215033 0
-1.1525837794887126 -0.19680947191712322 0 -0.5739227031304183 0
-1.1525504183544342 -0.196746569609306 0 -0.5739825490760186 0
-1.1525170572201555 -0.1966836870037237 0 -0.5740423751776461 0
-1.1524836960858769 -0.19662082408104845 0 -0.5741021814546092 0
-1.1524503349515984 -0.1965579808219835 0 -0.5741619679261855 0
-1.1524169738173198 -0.19649515720726232 0 -0.5742217346116224 0
-1.1523836126830413 -0.1964323532176511 0 -0.5742814815301344 0
-1.1523502515487627 -0.1963695688339454 0 -0.5743412087009068 0
-1.152316890414484 -0.1963068040369732 0 -0.5744009161430925 0
-1.1522835292802056 -0.1962440588075933 0 -0.5744606038758135 0
-1.152250168145927 -0.1961813331266941 0 -0.5745202719181622 0
-1.1522168070116483 -0.19611862697519622 0 -0.5745799202891989 0
-1.1521834458773699 -0.19605594033405077 0 -0.5746395490079529 0
-1.1521500847430912 -0.19599327318423854 0 -0.5746991580934246 0
-1.1521167236088128 -0.5747587475645819 0 -0.19593062550677237 0
-1.1520833624745341 -0.19586799728269413 0 -0.5748183174403634 0
-1.1520500013402555 -0.19580538849307733 0 -0.5748778677396768 0
-1.152016640205977 -0.19574279911902578 0 -0.5749373984813986 0
-1.1519832790716984 -0.5749969096843769 0 -0.19568022914167257 0
-1.15194991793742 -0.1956176785421825 0 -0.5750564013674275 0
-1.1519165568031413 -0.19555514730174905 0 -0.5751158735493377 0
-1.1518831956688627 -0.5751753262488635 0 -0.1954926354015969 0
-1.1518498345345842 -0.19543014282298105 0 -0.5752347594847308 0
-1.1518164734003056 -0.19536766954718499 0 -0.5752941732756367 0
-1.1517831122660271 -0.19530521555552385 0 -0.5753535676402471 0
-1.1517497511317485 -0.19524278082934096 0 -0.5754129425971991 0
-1.1517163899974698 -0.5754722981650991 0 -0.19518036535001076 0
-1.1516830288631914 -0.19511796909893736 0 -0.5755316343625239 0
-1.1516496677289128 -0.19505559205755316 0 -0.5755909512080217 0
-1.1516163065946343 -0.19499323420732198 0 -0.5756502487201094 0
-1.1515829454603557 -0.1949308955297354 0 -0.5757095269172762 0
-1.151549584326077 -0.19486857600631569 0 -0.5757687858179804 0
-1.1515162231917986 -0.19480627561861455 0 -0.5758280254406513 0
-1.15148286205752 -0.1947439943482118 0 -0.5758872458036896 0
-1.1514495009232415 -0.19468173217671803 0 -0.5759464469254654 0
-1.1514161397889628 -0.19461948908577154 0 -0.5760056288243213 0
-1.1513827786546842 -0.1945572650570408 0 -0.5760647915185692 0
-1.1513494175204058 -0.19449506007222356 0 -0.5761239350264925 0
-1.151316056386127 -0.1944328741130451 0 -0.5761830593663462 0
-1.1512826952518487 -0.19437070716126156 0 -0.5762421645563551 0
-1.15124933411757 -0.19430855919865603 0 -0.5763012506147168 0
-1.1512159729832914 -0.19424643020704177 0 -0.5763603175595986 0
-1.151182611849013 -0.19418432016826084 0 -0.5764193654091393 0
-1.1511492507147343 -0.19412222906418253 0 -0.5764783941814501 0
-1.1511158895804559 -0.19406015687670658 0 -0.576537403894612 0
-1.1510825284461772 -0.19399810358775968 0 -0.5765963945666791 0
-1.1510491673118985 -0.19393606917929798 0 -0.5766553662156756 0
-1.1510158061776201 -0.19387405363330634 0 -0.5767143188595977 0
-1.1509824450433415 -0.1938120569317966 0 -0.576773252516414 0
-1.150949083909063 -0.19375007905681055 0 -0.5768321672040634 0
-1.1509157227747844 -0.19368811999041663 0 -0.5768910629404582 0
-1.1508823616405057 -0.19362617971471252 0 -0.5769499397434812 0
-1.1508490005062273 -0.19356425821182427 0 -0.5770087976309871 0
-1.1508156393719486 -0.19350235546390465 0 -0.5770676366208038 0
-1.15078227823767 -0.1934404714531355 0 -0.57712645673073 0
-1.1507489171033916 -0.19337860616172678 0 -0.5771852579785366 0
-1.150715555969113 -0.19331675957191502 0 -0.5772440403819674 0
-1.1506821948348345 -0.5773028039587371 0 -0.1932549316659662 0
-1.1506488337005558 -0.5773615487265346 0 -0.19319312242617231 0
-1.1506154725662772 -0.19313133183485445 0 -0.5774202747030193 0
-1.1505821114319987 -0.19306955987436117 0 -0.5774789819058229 0
-1.15054875029772 -0.19300780652706742 0 -0.5775376703525515 0
-1.1505153891634416 -0.1929460717753773 0 -0.5775963400607816 0
-1.150482028029163 -0.19288435560172063 0 -0.5776549910480637 0
-1.1504486668948843 -0.19282265798855597 0 -0.5777136233319201 0
-1.150415305760606 -0.19276097891836919 0 -0.5777722369298454 0
-1.1503819446263273 -0.5778308318593084 0 -0.19269931837367207 0
-1.1503485834920488 -0.19263767633700532 0 -0.577889408137749 0
-1.1503152223577702 -0.19257605279093515 0 -0.5779479657825817 0
-1.1502818612234915 -0.5780065048111923 0 -0.19251444771805606 0
-1.150248500089213 -0.19245286110098964 0 -0.5780650252409402 0
-1.1502151389549344 -0.1923912929223831 0 -0.5781235270891583 0
-1.150181777820656 -0.19232974316491233 0 -0.5781820103731515 0
-1.1501484166863774 -0.19226821181127832 0 -0.5782404751101996 0
-1.1501150555520987 -0.19220669884421013 0 -0.5782989213175537 0
-1.1500816944178203 -0.19214520424646359 0 -0.5783573490124387 0
-1.1500483332835416 -0.1920837280008199 0 -0.578415758212054 0
-1.1500149721492632 -0.1920222700900886 0 -0.5784741489335707 0
-1.1499816110149845 -0.19196083049710408 0 -0.5785325211941348 0
-1.1499482498807059 -0.19189940920472845 0 -0.5785908750108647 0
-1.1499148887464274 -0.19183800619585034 0 -0.5786492104008525 0
-1.1498815276121488 -0.19177662145338348 0 -0.5787075273811647 0
-1.1498481664778704 -0.19171525496026964 0 -0.5787658259688403 0
-1.1498148053435917 -0.19165390669947513 0 -0.5788241061808936 0
-1.149781444209313 -0.1915925766539938 0 -0.578882368034311 0
-1.1497480830750346 -0.19153126480684554 0 -0.5789406115460534 0
-1.149714721940756 -0.19146997114107525 0 -0.5789988367330562 0
-1.1496813608064775 -0.19140869563975543 0 -0.5790570436122275 0
-1.1496479996721989 -0.19134743828598297 0 -0.579115232200451 0
-1.1496146385379202 -0.19128619906288194 0 -0.579173402514583 0
-1.1495812774036418 -0.19122497795360222 0 -0.5792315545714543 0
-1.1495479162693631 -0.19116377494131837 0 -0.5792896883878705 0
-1.1495145551350847 -0.1911025900092323 0 -0.5793478039806106 0
-1.149481194000806 -0.19104142314057002 0 -0.5794059013664288 0
-1.1494478328665274 -0.19098027431858444 0 -0.5794639805620528 0
-1.149414471732249 -0.190919143526554 0 -0.5795220415841845 0
-1.1493811105979703 -0.19085803074778163 0 -0.5795800844495016 0
-1.1493477494636917 -0.19079693596559674 0 -0.5796381091746552 0
-1.1493143883294132 -0.1907358591633544 0 -0.5796961157762706 0
-1.1492810271951346 -0.19067480032443374 0 -0.5797541042709491 0
-1.1492476660608562 -0.19061375943224085 0 -0.5798120746752652 0
-1.1492143049265775 -0.1905527364702055 0 -0.5798700270057695 0
-1.1491809437922988 -0.19049173142178388 0 -0.5799279612789863 0
-1.1491475826580204 -0.1904307442704573 0 -0.5799858775114145 0
-1.1491142215237418 -0.19036977499973112 0 -0.5800437757195297 0
-1.1490808603894633 -0.19030882359313728 0 -0.58010165591978 0
-1.1490474992551847 -0.190247890034231 0 -0.5801595181285909 0
-1.149014138120906 -0.19018697430659393 0 -0.5802173623623609 0
-1.1489807769866276 -0.1901260763938324 0 -0.5802751886374642 0
-1.148947415852349 -0.19006519627957646 0 -0.5803329969702513 0
-1.1489140547180705 -0.19000433394748262 0 -0.580390787377046 0
-1.1488806935837919 -0.18994348938123043 0 -0.5804485598741491 0
-1.1488473324495132 -0.18988266256452538 0 -0.5805063144778358 0
-1.1488139713152348 -0.5805640512043561 0 -0.18982185348109762 0
-1.1487806101809561 -0.18976106211470065 0 -0.580621770069937 0
-1.1487472490466777 -0.18970028844911416 0 -0.5806794710907793 0
-1.148713887912399 -0.1896395324681406 0 -0.5807371542830608 0
-1.1486805267781204 -0.18957879415560824 0 -0.5807948196629337 0
-1.148647165643842 -0.1895180734953696 0 -0.580852467246526 0
-1.1486138045095633 -0.18945737047130026 0 -0.5809100970499422 0
-1.1485804433752849 -0.1893966850673019 0 -0.5809677090892612 0
-1.1485470822410062 -0.18933601726729865 0 -0.5810253033805395 0
-1.1485137211067276 -0.18927536705524 0 -0.5810828799398075 0
-1.1484803599724491 -0.18921473441509976 0 -0.581140438783072 0
-1.1484469988381705 -0.1891541193308744 0 -0.581197979926317 0
-1.148413637703892 -0.18909352178658603 0 -0.5812555033855007 0
-1.1483802765696134 -0.1890329417662793 0 -0.5813130091765586 0
-1.1483469154353347 -0.18897237925402388 0 -0.5813704973154017 0
-1.1483135543010563 -0.1889118342339132 0 -0.5814279678179167 0
-1.1482801931667777 -0.5814854206999679 0 -0.18885130669006353 0
-1.1482468320324992 -0.18879079660661635 0 -0.581542855977394 0
-1.1482134708982206 -0.1887303039677353 0 -0.5816002736660117 0
-1.148180109763942 -0.18866982875760896 0 -0.5816576737816128 0
-1.1481467486296635 -0.1886093709604494 0 -0.5817150563399657 0
-1.1481133874953848 -0.1885489305604912 0 -0.581772421356816 0
-1.1480800263611064 -0.188488507541994 0 -0.5818297688478844 0
-1.1480466652268277 -0.18842810188923925 0 -0.5818870988288697 0
-1.148013304092549 -0.18836771358653312 0 -0.5819444113154464 0
-1.1479799429582707 -0.5820017063232648 0 -0.18830734261820514 0
-1.147946581823992 -0.188246988968607 0 -0.5820589838679537 0
-1.1479132206897134 -0.18818665262211473 0 -0.5821162439651176 0
-1.147879859555435 -0.5821734866303372 0 -0.18812633356312772 0
-1.1478464984211563 -0.18806603177606732 0 -0.5822307118791716 0
-1.1478131372868778 -0.18800574724537955 0 -0.582287919727155 0
-1.1477797761525992 -0.18794547995553204 0 -0.5823451101898 0
-1.1477464150183205 -0.1878852298910165 0 -0.5824022832825952 0
-1.147713053884042 -0.1878249970363478 0 -0.5824594390210062 0
-1.1476796927497634 -0.18776478137606234 0 -0.5825165774204765 0
-1.147646331615485 -0.18770458289472128 0 -0.5825736984964256 0
-1.1476129704812064 -0.18764440157690673 0 -0.5826308022642515 0
-1.1475796093469277 -0.18758423740722507 0 -0.5826878887393281 0
-1.1475462482126493 -0.18752409037030526 0 -0.5827449579370068 0
-1.1475128870783706 -0.18746396045079783 0 -0.5828020098726171 0
-1.1474795259440922 -0.18740384763337756 0 -0.5828590445614648 0
-1.1474461648098135 -0.18734375190274016 0 -0.5829160620188341 0
-1.1474128036755349 -0.18728367324360531 0 -0.5829730622599858 0
-1.1473794425412565 -0.5830300453001582 0 -0.18722361164071505 0
-1.1473460814069778 -0.1871635670788326 0 -0.5830870111545681 0
-1.1473127202726994 -0.18710353954274545 0 -0.5831439598384083 0
-1.1472793591384207 -0.1870435290172617 0 -0.583200891366851 0
-1.147245998004142 -0.18698353548721303 0 -0.5832578057550448 0
-1.1472126368698636 -0.18692355893745338 0 -0.5833147030181158 0
-1.147179275735585 -0.1868635993528578 0 -0.5833715831711694 0
-1.1471459146013065 -0.18680365671832502 0 -0.583428446229287 0
-1.147112553467028 -0.18674373101877445 0 -0.5834852922075293 0
-1.1470791923327492 -0.18668382223914867 0 -0.583542121120934 0
-1.1470458311984708 -0.18662393036441247 0 -0.5835989329845166 0
-1.1470124700641922 -0.1865640553795513 0 -0.5836557278132718 0
-1.1469791089299137 -0.18650419726957423 0 -0.5837125056221707 0
-1.146945747795635 -0.1864443560195108 0 -0.583769266426164 0
-1.1469123866613564 -0.18638453161441337 0 -0.5838260102401797 0
-1.146879025527078 -0.18632472403935627 0 -0.5838827370791233 0
-1.1468456643927993 -0.18626493327943447 0 -0.5839394469578801 0
-1.146812303258521 -0.1862051593197662 0 -0.5839961398913124 0
-1.1467789421242423 -0.18614540214548977 0 -0.5840528158942616 0
-1.1467455809899636 -0.18608566174176644 0 -0.584109474981547 0
-1.1467122198556852 -0.186025938093779 0 -0.5841661171679657 0
-1.1466788587214065 -0.5842227424682949 0 -0.1859662311867306 0
-1.146645497587128 -0.18590654100584766 0 -0.5842793508972883 0
-1.1466121364528494 -0.18584686753637622 0 -0.5843359424696799 0
-1.1465787753185708 -0.1857872107635852 0 -0.5843925172001811 0
-1.1465454141842923 -0.18572757067276477 0 -0.5844490751034819 0
-1.1465120530500137 -0.1856679472492253 0 -0.5845056161942519 0
-1.146478691915735 -0.18560834047829966 0 -0.5845621404871384 0
-1.1464453307814566 -0.18554875034534196 0 -0.5846186479967675 0
-1.146411969647178 -0.18548917683572633 0 -0.5846751387377453 0
-1.1463786085128995 -0.18542961993484972 0 -0.5847316127246549 0
-1.1463452473786209 -0.18537007962812851 0 -0.58478806997206 0
-1.1463118862443422 -0.1853105559010015 0 -0.5848445104945018 0
-1.1462785251100638 -0.18525104873892848 0 -0.584900934306501 0
-1.1462451639757851 -0.5849573414225578 0 -0.18519155812738902 0
-1.1462118028415067 -0.18513208405188525 0 -0.5850137318571503 0
-1.146178441707228 -0.18507262649793865 0 -0.5850701056247372 0
-1.1461450805729494 -0.18501318545109277 0 -0.585126462739755 0
-1.146111719438671 -0.18495376089691193 0 -0.5851828032166195 0
-1.1460783583043923 -0.18489435282098018 0 -0.5852391270697267 0
-1.1460449971701139 -0.1848349612089038 0 -0.5852954343134504 0
-1.1460116360358352 -0.1847755860463082 0 -0.5853517249621454 0
-1.1459782749015566 -0.1847162273188407 0 -0.5854079990301444 0
-1.1459449137672781 -0.18465688501216918 0 -0.5854642565317594 0
-1.1459115526329995 -0.184597559111981 0 -0.5855204974812834 0
-1.145878191498721 -0.18453824960398557 0 -0.5855767218929869 0
-1.1458448303644424 -0.18447895647391122 0 -0.5856329297811219 0
-1.1458114692301637 -0.18441967970750797 0 -0.5856891211599181 0
-1.1457781080958853 -0.18436041929054628 0 -0.5857452960435853 0
-1.1457447469616067 -0.18430117520881564 0 -0.5858014544463139 0
-1.1457113858273282 -0.1842419474481277 0 -0.5858575963822725 0
-1.1456780246930496 -0.18418273599431262 0 -0.585913721865611 0
-1.145644663558771 -0.1841235408332221 0 -0.5859698309104575 0
-1.1456113024244925 -0.18406436195072806 0 -0.5860259235309203 0
-1.1455779412902138 -0.18400519933272133 0 -0.5860819997410887 0
-1.1455445801559354 -0.18394605296511457 0 -0.5861380595550298 0
-1.1455112190216568 -0.1838869228338388 0 -0.5861941029867929 0
-1.145477857887378 -0.18382780892484646 0 -0.5862501300504054 0
-1.1454444967530997 -0.1837687112241099 0 -0.586306140759875 0
-1.145411135618821 -0.18370962971762023 0 -0.5863621351291907 0
-1.1453777744845426 -0.18365056439139008 0 -0.5864181131723198 0
-1.145344413350264 -0.18359151523145048 0 -0.5864740749032114 0
-1.1453110522159853 -0.18353248222385343 0 -0.5865300203357932 0
-1.1452776910817069 -0.18347346535467077 0 -0.5865859494839738 0
-1.1452443299474282 -0.18341446460999286 0 -0.5866418623616424 0
-1.1452109688131498 -0.1833554799759315 0 -0.5866977589826675 0
-1.1451776076788711 -0.1832965114386165 0 -0.5867536393608992 0
-1.1451442465445925 -0.18323755898419855 0 -0.5868095035101667 0
-1.145110885410314 -0.18317862259884798 0 -0.5868653514442799 0
-1.1450775242760354 -0.18311970226875346 0 -0.5869211831770297 0
-1.1450441631417567 -0.18306079798012448 0 -0.586976998722187 0
-1.1450108020074783 -0.18300190971918986 0 -0.5870327980935028 0
-1.1449774408731996 -0.18294303747219687 0 -0.5870885813047096 0
-1.1449440797389212 -0.18288418122541372 0 -0.5871443483695196 0
-1.1449107186046426 -0.18282534096512643 0 -0.5872000993016263 0
-1.144877357470364 -0.18276651667764154 0 -0.5872558341147033 0
-1.1448439963360855 -0.1827077083492849 0 -0.5873115528224047 0
-1.1448106352018068 -0.18264891596640045 0 -0.5873672554383664 0
-1.1447772740675284 -0.1825901395153529 0 -0.5874229419762039 0
-1.1447439129332497 -0.18253137898252475 0 -0.5874786124495144 0
-1.144710551798971 -0.18247263435431857 0 -0.5875342668718753 0
-1.1446771906646926 -0.18241390561715626 0 -0.5875899052568446 0
-1.144643829530414 -0.5876455276179626 0 -0.18235519275747758 0
-1.1446104683961356 -0.18229649576174276 0 -0.587701133968749 0
-1.144577107261857 -0.18223781461642974 0 -0.5877567243227056 0
-1.1445437461275783 -0.18217914930803628 0 -0.5878122986933147 0
-1.1445103849932998 -0.18212049982307937 0 -0.5878678570940393 0
-1.1444770238590212 -0.18206186614809353 0 -0.5879233995383245 0
-1.1444436627247427 -0.18200324826963382 0 -0.5879789260395955 0
-1.144410301590464 -0.18194464617427242 0 -0.5880344366112596 0
-1.1443769404561854 -0.18188605984860154 0 -0.588089931266705 0
-1.144343579321907 -0.18182748927923223 0 -0.5881454100193 0
-1.1443102181876283 -0.18176893445279294 0 -0.5882008728823964 0
-1.14427685705335 -0.5882563198693253 0 -0.1817103953559324 0
-1.1442434959190713 -0.1816518719753164 0 -0.5883117509934006 0
-1.1442101347847926 -0.5883671662679169 0 -0.18159336429763054 0
-1.1441767736505142 -0.181534872309579 0 -0.5884225657061496 0
-1.1441434125162355 -0.5884779493213573 0 -0.1814763959978832 0
-1.144110051381957 -0.1814179353492848 0 -0.5885333171267783 0
-1.1440766902476784 -0.18135949035054214 0 -0.5885886691356338 0
-1.1440433291133998 -0.18130106098843332 0 -0.5886440053611258 0
-1.1440099679791214 -0.5886993258164377 0 -0.1812426472497547 0
-1.1439766068448427 -0.18118424912132 0 -0.5887546305147356 0
-1.1439432457105643 -0.18112586658996258 0 -0.5888099194691663 0
-1.1439098845762856 -0.18106749964253263 0 -0.588865192692859 0
-1.143876523442007 -0.1810091482658998 0 -0.5889204501989241 0
-1.1438431623077285 -0.5889756920004537 0 -0.18095081244695185 0
-1.1438098011734499 -0.18089249217259362 0 -0.5890309181105229 0
-1.1437764400391712 -0.1808341874297492 0 -0.5890861285421871 0
-1.1437430789048928 -0.18077589820536072 0 -0.5891413233084842 0
-1.1437097177706141 -0.18071762448638742 0 -0.5891965024224347 0
-1.1436763566363357 -0.18065936625980789 0 -0.58925166589704 0
-1.143642995502057 -0.18060112351261726 0 -0.5893068137452845 0
-1.1436096343677784 -0.18054289623182979 0 -0.589361945980134 0
-1.1435762732335 -0.18048468440447765 0 -0.5894170626145361 0
-1.1435429120992213 -0.1804264880176098 0 -0.5894721636614214 0
-1.143509550964943 -0.18036830705829446 0 -0.5895272491337018 0
-1.1434761898306642 -0.18031014151361624 0 -0.5895823190442723 0
-1.1434428286963856 -0.18025199137067863 0 -0.5896373734060091 0
-1.1434094675621072 -0.5896924122317707 0 -0.18019385661660295 0
-1.1433761064278285 -0.18013573723852705 0 -0.5897474355343992 0
-1.14334274529355 -0.5898024433267174 0 -0.18007763322360798 0
-1.1433093841592714 -0.18001954455901883 0 -0.5898574356215315 0
-1.1432760230249928 -0.17996147123195164 0 -0.5899124124316296 0
-1.1432426618907143 -0.17990341322961587 0 -0.589967373769782 0
-1.1432093007564357 -0.1798453705392375 0 -0.5900223196487424 0
-1.1431759396221572 -0.1797873431480614 0 -0.5900772500812457 0
-1.1431425784878786 -0.17972933104334857 0 -0.5901321650800107 0
-1.1431092173536 -0.1796713342123785 0 -0.5901870646577374 0
-1.1430758562193215 -0.17961335264244804 0 -0.5902419488271089 0
-1.1430424950850429 -0.1795553863208704 0 -0.5902968176007918 0
-1.1430091339507644 -0.17949743523497763 0 -0.5903516709914337 0
-1.1429757728164858 -0.17943949937211753 0 -0.5904065090116665 0
-1.1429424116822071 -0.1793815787196563 0 -0.5904613316741036 0
-1.1429090505479287 -0.17932367326497747 0 -0.5905161389913416 0
-1.14287568941365 -0.17926578299548054 0 -0.5905709309759601 0
-1.1428423282793716 -0.17920790789858385 0 -0.5906257076405211 0
-1.142808967145093 -0.17915004796172118 0 -0.5906804689975703 0
-1.1427756060108143 -0.17909220317234475 0 -0.590735215059635 0
-1.1427422448765359 -0.1790343735179238 0 -0.5907899458392258 0
-1.1427088837422572 -0.17897655898594342 0 -0.5908446613488374 0
-1.1426755226079788 -0.1789187595639073 0 -0.5908993616009456 0
-1.1426421614737001 -0.5909540466080111 0 -0.17886097523933456 0
-1.1426088003394215 -0.17880320599976243 0 -0.5910087163824763 0
-1.142575439205143 -0.5910633709367669 0 -0.1787454518327451 0
-1.1425420780708644 -0.17868771272585243 0 -0.5911180102832924 0
-1.142508716936586 -0.17862998866667265 0 -0.5911726344344442 0
-1.1424753558023073 -0.17857227964280944 0 -0.5912272434025987 0
-1.1424419946680286 -0.17851458564188427 0 -0.5912818372001138 0
-1.1424086335337502 -0.1784569066515354 0 -0.591336415839331 0
-1.1423752723994716 -0.17839924265941667 0 -0.5913909793325761 0
-1.1423419112651931 -0.5914455276921566 0 -0.17834159365320018 0
-1.1423085501309145 -0.17828395962057314 0 -0.591500060930365 0
-1.1422751889966358 -0.17822634054924058 0 -0.591554579059476 0
-1.1422418278623574 -0.5916090820917473 0 -0.17816873642692405 0
-1.1422084667280787 -0.17811114724136057 0 -0.5916635700394219 0
-1.1421751055938 -0.17805357298030489 0 -0.5917180429147246 0
-1.1421417444595217 -0.17799601363152817 0 -0.5917725007298639 0
-1.142108383325243 -0.17793846918281703 0 -0.5918269434970328 0
-1.1420750221909646 -0.17788093962197593 0 -0.5918813712284062 0
-1.142041661056686 -0.1778234249368243 0 -0.5919357839361447 0
-1.1420082999224073 -0.177765925115199 0 -0.5919901816323907 0
-1.1419749387881288 -0.5920445643292707 0 -0.17770844014495346 0
-1.1419415776538502 -0.17765097001395605 0 -0.5920989320388956 0
-1.1419082165195718 -0.17759351471009305 0 -0.592153284773359 0
-1.141874855385293 -0.1775360742212655 0 -0.5922076225447394 0
-1.1418414942510144 -0.17747864853539178 0 -0.5922619453650977 0
-1.141808133116736 -0.1774212376404065 0 -0.5923162532464794 0
-1.1417747719824574 -0.1773638415242592 0 -0.592370546200914 0
-1.141741410848179 -0.17730646017491722 0 -0.5924248242404142 0
-1.1417080497139003 -0.17724909358036248 0 -0.5924790873769774 0
-1.1416746885796216 -0.17719174172859392 0 -0.5925333356225844 0
-1.1416413274453432 -0.17713440460762675 0 -0.5925875689891994 0
-1.1416079663110645 -0.17707708220549093 0 -0.5926417874887719 0
-1.141574605176786 -0.177019774510234 0 -0.5926959911332342 0
-1.1415412440425075 -0.176962481509918 0 -0.5927501799345037 0
-1.1415078829082288 -0.17690520319262176 0 -0.5928043539044813 0
-1.1414745217739504 -0.17684793954644035 0 -0.5928585130550511 0
-1.1414411606396717 -0.17679069055948332 0 -0.5929126573980834 0
-1.1414077995053933 -0.17673345621987774 0 -0.5929667869454305 0
-1.1413744383711146 -0.17667623651576483 0 -0.5930209017089307 0
-1.141341077236836 -0.17661903143530291 0 -0.5930750017004055 0
-1.1413077161025575 -0.5931290869316601 0 -0.17656184096666583 0
-1.141274354968279 -0.17650466509804216 0 -0.5931831574144859 0
-1.1412409938340005 -0.17644750381763769 0 -0.5932372131606566 0
-1.1412076326997218 -0.1763903571136722 0 -0.5932912541819315 0
-1.1411742715654432 -0.17633322497438256 0 -0.5933452804900536 0
-1.1411409104311647 -0.17627610738802085 0 -0.5933992920967504 0
-1.141107549296886 -0.17621900434285384 0 -0.5934532890137342 0
-1.1410741881626076 -0.1761619158271654 0 -0.5935072712527011 0
-1.141040827028329 -0.17610484182925312 0 -0.5935612388253328 0
-1.1410074658940503 -0.1760477823374315 0 -0.5936151917432944 0
-1.140974104759772 -0.17599073734003043 0 -0.5936691300182353 0
-1.1409407436254932 -0.17593370682539397 0 -0.5937230536617909 0
-1.1409073824912146 -0.5937769626855803 0 -0.1758766907818828 0
-1.1408740213569362 -0.1758196891978731 0 -0.5938308571012068 0
-1.1408406602226575 -0.17576270206175504 0 -0.5938847369202592 0
-1.140807299088379 -0.17570572936193574 0 -0.5939386021543104 0
-1.1407739379541004 -0.17564877108683605 0 -0.5939924528149185 0
-1.1407405768198218 -0.1755918272248933 0 -0.5940462889136262 0
-1.1407072156855433 -0.17553489776455997 0 -0.59410011046196 0
-1.1406738545512647 -0.17547798269430262 0 -0.5941539174714332 0
-1.1406404934169863 -0.17542108200260448 0 -0.5942077099535417 0
-1.1406071322827076 -0.1753641956779625 0 -0.594261487919768 0
-1.140573771148429 -0.1753073237088898 0 -0.5943152513815785 0
-1.1405404100141505 -0.17525046608391462 0 -0.5943690003504243 0
-1.1405070488798719 -0.17519362279157913 0 -0.594422734837743 0
-1.1404736877455934 -0.17513679382044206 0 -0.5944764548549549 0
-1.1404403266113148 -0.17507997915907564 0 -0.5945301604134675 0
-1.1404069654770361 -0.17502317879606813 0 -0.5945838515246716 0
-1.1403736043427577 -0.17496639272002287 0 -0.5946375281999436 0
-1.140340243208479 -0.17490962091955695 0 -0.5946911904506457 0
-1.1403068820742006 -0.17485286338330377 0 -0.5947448382881239 0
-1.140273520939922 -0.1747961200999103 0 -0.5947984717237106 0
-1.1402401598056433 -0.17473939105803926 0 -0.5948520907687225 0
-1.1402067986713649 -0.17468267624636832 0 -0.5949056954344614 0
-1.1401734375370862 -0.5949592857322151 0 -0.1746259756535888 0
-1.1401400764028078 -0.17456928926840826 0 -0.5950128616732558 0
-1.1401067152685291 -0.1745126170795475 0 -0.595066423268842 0
-1.1400733541342505 -0.1744559590757431 0 -0.5951199705302163 0
-1.140039992999972 -0.1743993152457464 0 -0.5951735034686068 0
-1.1400066318656934 -0.17434268557832228 0 -0.595227022095228 0
-1.139973270731415 -0.17428607006225166 0 -0.5952805264212785 0
-1.1399399095971363 -0.17422946868632866 0 -0.5953340164579433 0
-1.1399065484628577 -0.17417288143936302 0 -0.595387492216392 0
-1.1398731873285792 -0.1741163083101791 0 -0.59544095370778 0
-1.1398398261943006 -0.17405974928761453 0 -0.5954944009432486 0
-1.1398064650600221 -0.17400320436052313 0 -0.5955478339339235 0
-1.1397731039257435 -0.5956012526909173 0 -0.17394667351777152 0
-1.1397397427914648 -0.17389015674824193 0 -0.5956546572253273 0
-1.1397063816571864 -0.17383365404083106 0 -0.5957080475482359 0
-1.1396730205229078 -0.17377716538444882 0 -0.5957614236707128 0
-1.1396396593886293 -0.17372069076802102 0 -0.5958147856038113 0
-1.1396062982543507 -0.17366423018048627 0 -0.595868133358572 0
-1.139572937120072 -0.17360778361079862 0 -0.5959214669460204 0
-1.1395395759857936 -0.17355135104792646 0 -0.5959747863771675 0
-1.139506214851515 -0.17349493248085124 0 -0.5960280916630109 0
-1.1394728537172365 -0.17343852789857023 0 -0.5960813828145326 0
-1.1394394925829578 -0.1733821372900933 0 -0.5961346598427023 0
-1.1394061314486792 -0.1733257606444457 0 -0.5961879227584739 0
-1.1393727703144008 -0.17326939795066684 0 -0.5962411715727873 0
-1.139339409180122 -0.1732130491978091 0 -0.5962944062965694 0
-1.1393060480458435 -0.1731567143749401 0 -0.5963476269407318 0
-1.139272686911565 -0.1731003934711416 0 -0.5964008335161722 0
-1.1392393257772864 -0.17304408647550812 0 -0.5964540260337751 0
-1.139205964643008 -0.5965072045044096 0 -0.17298779337714995 0
-1.1391726035087293 -0.17293151416518973 0 -0.5965603689389325 0
-1.1391392423744506 -0.17287524882876518 0 -0.596613519348185 0
-1.1391058812401722 -0.17281899735702805 0 -0.5966666557429949 0
-1.1390725201058935 -0.17276275973914287 0 -0.5967197781341768 0
-1.1390391589716151 -0.17270653596428961 0 -0.59677288653253 0
-1.1390057978373365 -0.17265032602166053 0 -0.5968259809488414 0
-1.1389724367030578 -0.172594129900463 0 -0.596879061393883 0
-1.1389390755687794 -0.17253794758991797 0 -0.596932127878413 0
-1.1389057144345007 -0.17248177907925938 0 -0.5969851804131767 0
-1.1388723533002223 -0.17242562435773626 0 -0.5970382190089044 0
-1.1388389921659436 -0.17236948341460995 0 -0.5970912436763139 0
-1.138805631031665 -0.1723133562391566 0 -0.5971442544261082 0
-1.1387722698973866 -0.17225724282066615 0 -0.5971972512689768 0
-1.138738908763108 -0.17220114314844098 0 -0.5972502342155963 0
-1.1387055476288295 -0.1721450572117987 0 -0.5973032032766284 0
-1.1386721864945508 -0.17208898500006906 0 -0.5973561584627226 0
-1.1386388253602722 -0.17203292650259655 0 -0.5974090997845134 0
-1.1386054642259937 -0.1719768817087391 0 -0.5974620272526224 0
-1.138572103091715 -0.1719208506078673 0 -0.5975149408776579 0
-1.1385387419574367 -0.1718648331893666 0 -0.5975678406702137 0
-1.138505380823158 -0.17180882944263448 0 -0.5976207266408717 0
-1.1384720196888793 -0.17175283935708313 0 -0.5976735988001988 0
-1.138438658554601 -0.17169686292213812 0 -0.5977264571587484 0
-1.1384052974203223 -0.17164090012723737 0 -0.597779301727062 0
-1.1383719362860438 -0.1715849509618337 0 -0.5978321325156657 0
-1.1383385751517652 -0.17152901541539173 0 -0.5978849495350743 0
-1.1383052140174865 -0.17147309347739076 0 -0.5979377527957875 0
-1.138271852883208 -0.17141718513732326 0 -0.5979905423082922 0
-1.1382384917489294 -0.171361290384694 0 -0.5980433180830624 0
-1.138205130614651 -0.17130540920902243 0 -0.5980960801305583 0
-1.1381717694803724 -0.17124954159983996 0 -0.598148828461227 0
-1.1381384083460937 -0.17119368754669215 0 -0.5982015630855027 0
-1.1381050472118153 -0.17113784703913798 0 -0.5982542840138051 0
-1.1380716860775366 -0.17108202006674833 0 -0.5983069912565427 0
-1.138038324943258 -0.1710262066191085 0 -0.5983596848241092 0
-1.1380049638089795 -0.17097040668581695 0 -0.5984123647268853 0
-1.1379716026747009 -0.1709146202564841 0 -0.5984650309752398 0
-1.1379382415404224 -0.17085884732073495 0 -0.5985176835795267 0
-1.1379048804061438 -0.1708030878682061 0 -0.5985703225500885 0
-1.1378715192718651 -0.1707473418885484 0 -0.5986229478972535 0
-1.1378381581375867 -0.17069160937142566 0 -0.598675559631337 0
-1.137804797003308 -0.17063589030651363 0 -0.5987281577626422 0
-1.1377714358690296 -0.17058018468350253 0 -0.5987807423014582 0
-1.137738074734751 -0.17052449249209403 0 -0.5988333132580623 0
-1.1377047136004723 -0.1704688137220039 0 -0.5988858706427178 0
-1.1376713524661939 -0.17041314836296081 0 -0.5989384144656752 0
-1.1376379913319152 -0.17035749640470524 0 -0.598990944737173 0
-1.1376046301976368 -0.17030185783699203 0 -0.5990434614674354 0
-1.1375712690633581 -0.1702462326495874 0 -0.5990959646666753 0
-1.1375379079290795 -0.1701906208322714 0 -0.5991484543450918 0
-1.137504546794801 -0.17013502237483702 0 -0.5992009305128708 0
-1.1374711856605224 -0.17007943726708896 0 -0.5992533931801869 0
-1.137437824526244 -0.17002386549884604 0 -0.5993058423572 0
-1.1374044633919653 -0.1699683070599384 0 -0.5993582780540593 0
-1.1373711022576867 -0.5994107002808997 0 -0.16991276194020996 0
-1.1373377411234082 -0.16985723012951745 0 -0.5994631090478437 0
-1.1373043799891296 -0.16980171161772906 0 -0.5995155043650021 0
-1.1372710188548512 -0.16974620639472715 0 -0.5995678862424714 0
-1.1372376577205725 -0.16969071445040526 0 -0.5996202546903372 0
-1.1372042965862939 -0.5996726097186713 0 -0.1696352357746706 0
-1.1371709354520154 -0.16957977035744295 0 -0.5997249513375331 0
-1.1371375743177368 -0.16952431818865368 0 -0.59977727955697 0
-1.1371042131834583 -0.16946887925824794 0 -0.5998295943870159 0
-1.1370708520491797 -0.16941345355618218 0 -0.5998818958376936 0
-1.137037490914901 -0.1693580410724263 0 -0.5999341839190119 0
-1.1370041297806226 -0.16930264179696272 0 -0.5999864586409674 0
-1.136970768646344 -0.16924725571978522 0 -0.6000387200135455 0
-1.1369374075120655 -0.16919188283090145 0 -0.6000909680467176 0
-1.1369040463777869 -0.16913652312033 0 -0.6001432027504436 0
-1.1368706852435082 -0.169081176578103 0 -0.6001954241346708 0
-1.1368373241092298 -0.16902584319426503 0 -0.6002476322093336 0
-1.1368039629749511 -0.1689705229588716 0 -0.6002998269843551 0
-1.1367706018406727 -0.16891521586199243 0 -0.600352008469645 0
-1.136737240706394 -0.16885992189370772 0 -0.6004041766751017 0
-1.1367038795721154 -0.16880464104411128 0 -0.6004563316106106 0
-1.136670518437837 -0.1687493733033091 0 -0.6005084732860445 0
-1.1366371573035583 -0.16869411866141826 0 -0.6005606017112654 0
-1.1366037961692799 -0.16863887710856965 0 -0.6006127168961212 0
-1.1365704350350012 -0.16858364863490471 0 -0.6006648188504494 0
-1.1365370739007226 -0.16852843323057845 0 -0.6007169075840741 0
-1.1365037127664441 -0.16847323088575766 0 -0.6007689831068073 0
-1.1364703516321655 -0.16841804159062052 0 -0.6008210454284499 0
-1.1364369904978868 -0.16836286533535816 0 -0.6008730945587896 0
-1.1364036293636084 -0.16830770211017387 0 -0.600925130507602 0
-1.1363702682293297 -0.16825255190528207 0 -0.6009771532846515 0
-1.1363369070950513 -0.16819741471091046 0 -0.6010291628996896 0
-1.1363035459607727 -0.16814229051729745 0 -0.6010811593624565 0
-1.136270184826494 -0.16808717931469458 0 -0.6011331426826798 0
-1.1362368236922156 -0.1680320810933652 0 -0.6011851128700749 0
-1.136203462557937 -0.6012370699343462 0 -0.16797699584358375 0
-1.1361701014236585 -0.6012890138851852 0 -0.16792192355563793 0
-1.1361367402893798 -0.16786686421982597 0 -0.6013409447322723 0
-1.1361033791551012 -0.16781181782645904 0 -0.6013928624852751 0
-1.1360700180208227 -0.1677567843658603 0 -0.6014447671538496 0
-1.136036656886544 -0.16770176382836363 0 -0.6014966587476407 0
-1.1360032957522657 -0.16764675620431616 0 -0.60154853727628 0
-1.135969934617987 -0.16759176148407542 0 -0.601600402749389 0
-1.1359365734837084 -0.16753677965801192 0 -0.6016522551765761 0
-1.13590321234943 -0.6017040945674378 0 -0.16748181071650772 0
-1.1358698512151513 -0.16742685464995594 0 -0.6017559209315603 0
-1.1358364900808728 -0.16737191144876248 0 -0.601807734278516 0
-1.1358031289465942 -0.6018595346178677 0 -0.16731698110334378 0
-1.1357697678123155 -0.16726206360412899 0 -0.6019113219591649 0
-1.135736406678037 -0.1672071589415589 0 -0.6019630963119458 0
-1.1357030455437584 -0.1671522671060849 0 -0.6020148576857377 0
-1.13566968440948 -0.16709738808817157 0 -0.602066606090055 0
-1.1356363232752014 -0.16704252187829355 0 -0.6021183415344016 0
-1.1356029621409227 -0.1669876684669382 0 -0.6021700640282693 0
-1.1355696010066443 -0.1669328278446044 0 -0.6022217735811379 0
-1.1355362398723656 -0.6022734702024766 0 -0.16687800000180167 0
-1.1355028787380872 -0.16682318492905238 0 -0.602325153901742 0
-1.1354695176038085 -0.166768382616889 0 -0.6023768246883803 0
-1.13543615646953 -0.16671359305585665 0 -0.6024284825718251 0
-1.1354027953352515 -0.16665881623651188 0 -0.6024801275614989 0
-1.1353694342009728 -0.16660405214942162 0 -0.6025317596668135 0
-1.1353360730666944 -0.16654930078516572 0 -0.6025833788971676 0
-1.1353027119324157 -0.16649456213433395 0 -0.6026349852619504 0
-1.135269350798137 -0.16643983618752867 0 -0.6026865787705383 0
-1.1352359896638586 -0.16638512293536356 0 -0.6027381594322965 0
-1.13520262852958 -0.16633042236846254 0 -0.6027897272565795 0
-1.1351692673953013 -0.1662757344774622 0 -0.6028412822527299 0
-1.135135906261023 -0.6028928244300787 0 -0.16622105925301 0
-1.1351025451267442 -0.16616639668576408 0 -0.6029443537979466 0
-1.1350691839924658 -0.16611174676639515 0 -0.6029958703656417 0
-1.1350358228581872 -0.16605710948558366 0 -0.6030473741424623 0
-1.1350024617239085 -0.1660024848340225 0 -0.6030988651376941 0
-1.13496910058963 -0.16594787280241582 0 -0.6031503433606119 0
-1.1349357394553514 -0.16589327338147775 0 -0.6032018088204801 0
-1.134902378321073 -0.1658386865619352 0 -0.6032532615265507 0
-1.1348690171867943 -0.16578411233452478 0 -0.6033047014880657 0
-1.1348356560525157 -0.16572955068999531 0 -0.6033561287142549 0
-1.1348022949182373 -0.6034075432143374 0 -0.16567500161910678 0
-1.1347689337839586 -0.16562046511262915 0 -0.6034589449975216 0
-1.1347355726496802 -0.16556594116134507 0 -0.6035103340730037 0
-1.1347022115154015 -0.16551142975604666 0 -0.6035617104499703 0
-1.1346688503811229 -0.16545693088753835 0 -0.6036130741375956 0
-1.1346354892468444 -0.1654024445466354 0 -0.603664425145043 0
-1.1346021281125658 -0.16534797072416324 0 -0.6037157634814658 0
-1.1345687669782873 -0.1652935094109596 0 -0.6037670891560051 0
-1.1345354058440087 -0.16523906059787186 0 -0.603818402177792 0
-1.13450204470973 -0.16518462427575936 0 -0.603869702555946 0
-1.1344686835754516 -0.16513020043549242 0 -0.6039209902995754 0
-1.134435322441173 -0.16507578906795126 0 -0.6039722654177785 0
-1.1344019613068945 -0.16502139016402845 0 -0.6040235279196415 0
-1.1343686001726159 -0.16496700371462591 0 -0.6040747778142415 0
-1.1343352390383372 -0.16491262971065765 0 -0.6041260151106425 0
-1.1343018779040588 -0.1648582681430485 0 -0.6041772398178986 0
-1.1342685167697801 -0.16480391900273303 0 -0.6042284519450541 0
-1.1342351556355017 -0.164749582280658 0 -0.6042796515011407 0
-1.134201794501223 -0.1646952579677797 0 -0.6043308384951807 0
-1.1341684333669444 -0.16464094605506624 0 -0.6043820129361845 0
-1.134135072232666 -0.16458664653349642 0 -0.6044331748331524 0
-1.1341017110983873 -0.16453235939405875 0 -0.604484324195074 0
-1.1340683499641089 -0.6045354610309276 0 -0.1644780846277539 0
-1.1340349888298302 -0.16442382222559193 0 -0.6045865853496817 0
-1.1340016276955516 -0.16436957217859455 0 -0.604637697160293 0
-1.1339682665612731 -0.16431533447779414 0 -0.6046887964717079 0
-1.1339349054269945 -0.16426110911423272 0 -0.6047398832928631 0
-1.133901544292716 -0.16420689607896444 0 -0.6047909576326828 0
-1.1338681831584374 -0.16415269536305255 0 -0.6048420195000824 0
-1.1338348220241588 -0.16409850695757197 0 -0.6048930689039657 0
-1.1338014608898803 -0.1640443308536083 0 -0.6049441058532257 0
-1.1337680997556017 -0.16399016704225666 0 -0.6049951303567457 0
-1.1337347386213232 -0.16393601551462397 0 -0.6050461424233974 0
-1.1337013774870446 -0.1638818762618265 0 -0.6050971420620432 0
-1.133668016352766 -0.16382774927499189 0 -0.6051481292815339 0
-1.1336346552184875 -0.16377363454525845 0 -0.60519910409071 0
-1.1336012940842088 -0.16371953206377388 0 -0.6052500664984021 0
-1.1335679329499302 -0.16366544182169732 0 -0.6053010165134297 0
-1.1335345718156518 -0.16361136381019842 0 -0.6053519541446019 0
-1.133501210681373 -0.6054028794007178 0 -0.16355729802045627 0
-1.1334678495470947 -0.16350324444366165 0 -0.6054537922905654 0
-1.133434488412816 -0.16344920307101446 0 -0.6055046928229233 0
-1.1334011272785374 -0.16339517389372596 0 -0.6055555810065588 0
-1.133367766144259 -0.1633411569030178 0 -0.6056064568502287 0
-1.1333344050099803 -0.16328715209012087 0 -0.6056573203626807 0
-1.1333010438757019 -0.16323315944627792 0 -0.6057081715526507 0
-1.1332676827414232 -0.1631791789627405 0 -0.6057590104288653 0
-1.1332343216071445 -0.16312521063077154 0 -0.6058098370000405 0
-1.1332009604728661 -0.16307125444164428 0 -0.6058606512748813 0
-1.1331675993385875 -0.1630173103866411 0 -0.6059114532620838 0
-1.133134238204309 -0.16296337845705614 0 -0.6059622429703329 0
-1.1331008770700304 -0.1629094586441922 0 -0.6060130204083035 0
-1.1330675159357517 -0.1628555509393635 0 -0.6060637855846605 0
-1.1330341548014733 -0.1628016553338944 0 -0.6061145385080576 0
-1.1330007936671946 -0.16274777181911834 0 -0.60616527918714 0
-1.1329674325329162 -0.16269390038638043 0 -0.6062160076305413 0
-1.1329340713986376 -0.16264004102703442 0 -0.606266723846886 0
-1.132900710264359 -0.16258619373244526 0 -0.6063174278447875 0
-1.1328673491300805 -0.16253235849398803 0 -0.6063681196328494 0
-1.1328339879958018 -0.16247853530304693 0 -0.6064187992196659 0
-1.1328006268615234 -0.16242472415101747 0 -0.6064694666138201 0
-1.1327672657272447 -0.16237092502930392 0 -0.6065201218238859 0
-1.132733904592966 -0.16231713792932168 0 -0.6065707648584264 0
-1.1327005434586876 -0.16226336284249615 0 -0.606621395725995 0
-1.132667182324409 -0.16220959976026159 0 -0.6066720144351355 0
-1.1326338211901306 -0.1621558486740638 0 -0.6067226209943805 0
-1.132600460055852 -0.1621021095753571 0 -0.6067732154122544 0
-1.1325670989215733 -0.16204838245560685 0 -0.6068237976972701 0
-1.1325337377872948 -0.16199466730628828 0 -0.6068743678579309 0
-1.1325003766530162 -0.16194096411888556 0 -0.606924925902731 0
-1.1324670155187377 -0.1618872728848942 0 -0.6069754718401531 0
-1.132433654384459 -0.16183359359581817 0 -0.607026005678672 0
-1.1324002932501804 -0.16177992624317233 0 -0.6070765274267511 0
-1.132366932115902 -0.1617262708184815 0 -0.6071270370928439 0
-1.1323335709816233 -0.16167262731327925 0 -0.6071775346853954 0
-1.1323002098473447 -0.16161899571911 0 -0.6072280202128393 0
-1.1322668487130663 -0.16156537602752805 0 -0.6072784936835999 0
-1.1322334875787876 -0.1615117682300964 0 -0.6073289551060926 0
-1.1322001264445092 -0.16145817231838924 0 -0.6073794044887215 0
-1.1321667653102305 -0.16140458828398918 0 -0.6074298418398825 0
-1.1321334041759519 -0.6074802671679602 0 -0.1613510161184896 0
-1.1321000430416734 -0.16129745581349367 0 -0.6075306804813304 0
-1.1320666819073948 -0.16124390736061306 0 -0.6075810817883593 0
-1.1320333207731164 -0.16119037075147075 0 -0.6076314710974026 0
-1.1319999596388377 -0.1611368459776979 0 -0.6076818484168074 0
-1.131966598504559 -0.16108333303093647 0 -0.6077322137549099 0
-1.1319332373702806 -0.16102983190283793 0 -0.6077825671200372 0
-1.131899876236002 -0.16097634258506252 0 -0.6078329085205073 0
-1.1318665151017235 -0.1609228650692814 0 -0.6078832379646275 0
-1.1318331539674449 -0.160869399347174 0 -0.6079335554606965 0
-1.1317997928331662 -0.16081594541043034 0 -0.6079838610170027 0
-1.1317664316988878 -0.1607625032507501 0 -0.608034154641825 0
-1.1317330705646091 -0.6080844363434332 0 -0.1607090728598413 0
-1.1316997094303307 -0.16065565422942318 0 -0.6081347061300868 0
-1.131666348296052 -0.1606022473512229 0 -0.6081849640100367 0
-1.1316329871617734 -0.16054885221697823 0 -0.6082352099915236 0
-1.131599626027495 -0.16049546881843652 0 -0.6082854440827783 0
-1.1315662648932163 -0.16044209714735347 0 -0.6083356662920236 0
-1.131532903758938 -0.16038873719549573 0 -0.6083858766274709 0
-1.1314995426246592 -0.160335388954638 0 -0.6084360750973241 0
-1.1314661814903806 -0.16028205241656532 0 -0.608486261709776 0
-1.1314328203561022 -0.16022872757307244 0 -0.6085364364730107 0
-1.1313994592218235 -0.16017541441596214 0 -0.6085865993952032 0
-1.131366098087545 -0.1601221129370483 0 -0.6086367504845182 0
-1.1313327369532664 -0.16006882312815257 0 -0.6086868897491121 0
-1.1312993758189878 -0.16001554498110718 0 -0.6087370171971311 0
-1.1312660146847093 -0.1599622784877535 0 -0.6087871328367119 0
-1.1312326535504307 -0.15990902363994147 0 -0.6088372366759831 0
-1.1311992924161522 -0.15985578042953144 0 -0.6088873287230624 0
-1.1311659312818736 -0.15980254884839193 0 -0.6089374089860595 0
-1.131132570147595 -0.15974932888840165 0 -0.6089874774730741 0
-1.1310992090133165 -0.15969612054144863 0 -0.6090375341921963 0
-1.1310658478790379 -0.1596429237994291 0 -0.6090875791515081 0
-1.1310324867447594 -0.15958973865425 0 -0.6091376123590807 0
-1.1309991256104808 -0.159536565097826 0 -0.6091876338229778 0
-1.1309657644762021 -0.15948340312208203 0 -0.6092376435512528 0
-1.1309324033419237 -0.15943025271895245 0 -0.6092876415519493 0
-1.130899042207645 -0.15937711388037945 0 -0.6093376278331033 0
-1.1308656810733666 -0.15932398659831598 0 -0.6093876024027403 0
-1.130832319939088 -0.15927087086472266 0 -0.6094375652688777 0
-1.1307989588048093 -0.15921776667157037 0 -0.6094875164395229 0
-1.1307655976705309 -0.15916467401083909 0 -0.609537455922674 0
-1.1307322365362522 -0.1591115928745169 0 -0.6095873837263214 0
-1.1306988754019736 -0.15905852325460196 0 -0.6096372998584448 0
-1.1306655142676951 -0.6096872043270153 0 -0.1590054651431015 0
-1.1306321531334165 -0.15895241853203093 0 -0.6097370971399957 0
-1.130598791999138 -0.15889938341341592 0 -0.6097869783053383 0
-1.1305654308648594 -0.15884635977928996 0 -0.609836847830988 0
-1.1305320697305807 -0.15879334762169645 0 -0.6098867057248796 0
-1.1304987085963023 -0.15874034693268788 0 -0.6099365519949385 0
-1.1304653474620237 -0.15868735770432477 0 -0.6099863866490826 0
-1.1304319863277452 -0.15863437992867788 0 -0.6100362096952191 0
-1.1303986251934666 -0.1585814135978256 0 -0.6100860211412477 0
-1.130365264059188 -0.15852845870385637 0 -0.6101358209950584 0
-1.1303319029249095 -0.15847551523886752 0 -0.6101856092645317 0
-1.1302985417906308 -0.15842258319496427 0 -0.6102353859575408 0
-1.1302651806563524 -0.15836966256426221 0 -0.610285151081948 0
-1.1302318195220737 -0.15831675333888426 0 -0.6103349046456086 0
-1.130198458387795 -0.1582638555109635 0 -0.6103846466563677 0
-1.1301650972535167 -0.1582109690726417 0 -0.6104343771220615 0
-1.130131736119238 -0.15815809401606856 0 -0.6104840960505185 0
-1.1300983749849596 -0.15810523033340398 0 -0.6105338034495569 0
-1.130065013850681 -0.15805237801681518 0 -0.6105834993269875 0
-1.1300316527164023 -0.1579995370584795 0 -0.6106331836906111 0
-1.1299982915821238 -0.6106828565482201 0 -0.15794670745058279 0
-1.1299649304478452 -0.15789388918531888 0 -0.6107325179075986 0
-1.1299315693135668 -0.1578410822548916 0 -0.610782167776521 0
-1.129898208179288 -0.15778828665151223 0 -0.6108318061627537 0
-1.1298648470450094 -0.15773550236740186 0 -0.610881433074054 0
-1.129831485910731 -0.1576827293947902 0 -0.6109310485181704 0
-1.1297981247764524 -0.15762996772591478 0 -0.6109806525028431 0
-1.129764763642174 -0.15757721735302313 0 -0.6110302450358029 0
-1.1297314025078953 -0.15752447826837007 0 -0.6110798261247729 0
-1.1296980413736166 -0.15747175046422027 0 -0.6111293957774665 0
-1.1296646802393382 -0.15741903393284687 0 -0.6111789540015885 0
-1.1296313191050595 -0.15736632866653072 0 -0.6112285008048364 0
-1.129597957970781 -0.1573136346575628 0 -0.6112780361948971 0
-1.1295645968365025 -0.1572609518982411 0 -0.6113275601794503 0
-1.1295312357022238 -0.1572082803808734 0 -0.6113770727661668 0
-1.1294978745679454 -0.1571556200977761 0 -0.6114265739627079 0
-1.1294645134336667 -0.15710297104127305 0 -0.6114760637767279 0
-1.129431152299388 -0.15705033320369777 0 -0.6115255422158713 0
-1.1293977911651096 -0.15699770657739223 0 -0.6115750092877741 0
-1.129364430030831 -0.1569450911547062 0 -0.6116244650000644 0
-1.1293310688965525 -0.15689248692799895 0 -0.6116739093603613 0
-1.129297707762274 -0.15683989388963718 0 -0.6117233423762757 0
-1.1292643466279952 -0.156787312031997 0 -0.6117727640554096 0
-1.1292309854937168 -0.15673474134746307 0 -0.6118221744053566 0
-1.1291976243594382 -0.15668218182842744 0 -0.6118715734337022 0
-1.1291642632251597 -0.15662963346729203 0 -0.6119209611480229 0
-1.129130902090881 -0.15657709625646582 0 -0.6119703375558873 0
-1.1290975409566024 -0.15652457018836727 0 -0.6120197026648552 0
-1.129064179822324 -0.1564720552554232 0 -0.6120690564824776 0
-1.1290308186880453 -0.15641955145006795 0 -0.612118399016298 0
-1.128997457553767 -0.1563670587647455 0 -0.6121677302738507 0
-1.1289640964194882 -0.15631457719190683 0 -0.6122170502626625 0
-1.1289307352852096 -0.15626210672401247 0 -0.612266358990251 0
-1.1288973741509312 -0.15620964735353116 0 -0.612315656464125 0
-1.1288640130166525 -0.15615719907293896 0 -0.6123649426917867 0
-1.128830651882374 -0.15610476187472175 0 -0.6124142176807282 0
-1.1287972907480954 -0.15605233575137223 0 -0.6124634814384344 0
-1.1287639296138168 -0.15599992069539254 0 -0.6125127339723814 0
-1.1287305684795383 -0.15594751669929294 0 -0.6125619752900368 0
-1.1286972073452597 -0.15589512375559123 0 -0.6126112053988606 0
-1.1286638462109813 -0.15584274185681452 0 -0.6126604243063037 0
-1.1286304850767026 -0.15579037099549706 0 -0.6127096320198098 0
-1.128597123942424 -0.15573801116418218 0 -0.6127588285468134 0
-1.1285637628081455 -0.1556856623554216 0 -0.6128080138947407 0
-1.1285304016738669 -0.15563332456177414 0 -0.6128571880710109 0
-1.1284970405395884 -0.15558099777580817 0 -0.6129063510830332 0
-1.1284636794053098 -0.15552868199009895 0 -0.6129555029382104 0
-1.1284303182710311 -0.1554763771972309 0 -0.6130046436439361 0
-1.1283969571367527 -0.15542408338979652 0 -0.6130537732075957 0
-1.128363596002474 -0.15537180056039568 0 -0.613102891636567 0
-1.1283302348681956 -0.15531952870163754 0 -0.6131519989382187 0
-1.128296873733917 -0.15526726780613803 0 -0.6132010951199127 0
-1.1282635125996383 -0.613250180189002 0 -0.1552150178665224 0
-1.1282301514653599 -0.15516277887542373 0 -0.613299254152831 0
-1.1281967903310812 -0.15511055082548242 0 -0.6133483170187373 0
-1.1281634291968028 -0.15505833370934813 0 -0.6133973687940489 0
-1.1281300680625241 -0.15500612751967735 0 -0.6134464094860875 0
-1.1280967069282455 -0.1549539322491355 0 -0.6134954391021652 0
-1.128063345793967 -0.15490174789039624 0 -0.6135444576495863 0
-1.1280299846596884 -0.15484957443614003 0 -0.613593465135648 0
-1.12799662352541 -0.15479741187905688 0 -0.6136424615676386 0
-1.1279632623911313 -0.15474526021184326 0 -0.613691446952839 0
-1.1279299012568527 -0.15469311942720476 0 -0.6137404212985215 0
-1.1278965401225742 -0.6137893846119503 0 -0.15464098951785502 0
-1.1278631789882956 -0.15458887047651448 0 -0.6138383369003828 0
-1.127829817854017 -0.15453676229591257 0 -0.6138872781710674 0
-1.1277964567197385 -0.15448466496878677 0 -0.6139362084312444 0
-1.1277630955854598 -0.1544325784878814 0 -0.6139851276881473 0
-1.1277297344511814 -0.15438050284595004 0 -0.6140340359490002 0
-1.1276963733169028 -0.1543284380357528 0 -0.6140829332210207 0
-1.127663012182624 -0.1542763840500588 0 -0.6141318195114178 0
-1.1276296510483457 -0.15422434088164497 0 -0.614180694827392 0
-1.127596289914067 -0.15417230852329503 0 -0.6142295591761375 0
-1.1275629287797886 -0.15412028696780206 0 -0.6142784125648392 0
-1.12752956764551 -0.15406827620796545 0 -0.614327255000675 0
-1.1274962065112313 -0.1540162762365936 0 -0.6143760864908147 0
-1.1274628453769528 -0.15396428704650267 0 -0.6144249070424195 0
-1.1274294842426742 -0.15391230863051558 0 -0.6144737166626445 0
-1.1273961231083958 -0.15386034098146445 0 -0.6145225153586353 0
-1.1273627619741171 -0.15380838409218778 0 -0.6145713031375312 0
-1.1273294008398385 -0.15375643795553293 0 -0.6146200800064622 0
-1.12729603970556 -0.1537045025643549 0 -0.6146688459725514 0
-1.1272626785712814 -0.15365257791151557 0 -0.6147176010429146 0
-1.127229317437003 -0.15360066398988584 0 -0.6147663452246587 0
-1.1271959563027243 -0.1535487607923429 0 -0.6148150785248838 0
-1.1271625951684456 -0.15349686831177284 0 -0.6148638009506819 0
-1.1271292340341672 -0.1534449865410693 0 -0.6149125125091371 0
-1.1270958728998886 -0.1533931154731327 0 -0.6149612132073264 0
-1.1270625117656101 -0.15334125510087243 0 -0.6150099030523185 0
-1.1270291506313315 -0.1532894054172042 0 -0.615058582051175 0
-1.1269957894970528 -0.15323756641505243 0 -0.6151072502109494 0
-1.1269624283627744 -0.15318573808734914 0 -0.6151559075386872 0
-1.1269290672284957 -0.15313392042703292 0 -0.6152045540414276 0
-1.1268957060942173 -0.15308211342705147 0 -0.6152531897262007 0
-1.1268623449599386 -0.1530303170803587 0 -0.61530181460003 0
-1.12682898382566 -0.15297853137991704 0 -0.6153504286699308 0
-1.1267956226913816 -0.15292675631869657 0 -0.6153990319429109 0
-1.126762261557103 -0.15287499188967388 0 -0.6154476244259711 0
-1.1267289004228245 -0.15282323808583462 0 -0.6154962061261035 0
-1.1266955392885458 -0.15277149490017047 0 -0.6155447770502941 0
-1.1266621781542672 -0.1527197623256818 0 -0.6155933372055201 0
-1.1266288170199887 -0.15266804035537637 0 -0.6156418865987516 0
-1.12659545588571 -0.1526163289822685 0 -0.6156904252369516 0
-1.1265620947514314 -0.15256462819938113 0 -0.615738953127075 0
-1.126528733617153 -0.15251293799974455 0 -0.6157874702760691 0
-1.1264953724828743 -0.15246125837639565 0 -0.6158359766908746 0
-1.126462011348596 -0.15240958932237994 0 -0.6158844723784235 0
-1.1264286502143173 -0.15235793083074928 0 -0.6159329573456419 0
-1.1263952890800386 -0.15230628289456383 0 -0.6159814315994467 0
-1.1263619279457602 -0.15225464550689125 0 -0.6160298951467484 0
-1.1263285668114815 -0.1522030186608056 0 -0.6160783479944503 0
-1.126295205677203 -0.15215140234938976 0 -0.616126790149447 0
-1.1262618445429244 -0.1520997965657325 0 -0.6161752216186275 0
-1.1262284834086458 -0.15204820130293117 0 -0.6162236424088718 0
-1.1261951222743674 -0.15199661655409052 0 -0.6162720525270532 0
-1.1261617611400887 -0.15194504231232148 0 -0.6163204519800379 0
-1.1261284000058103 -0.6163688407746838 0 -0.15189347857074378 0
-1.1260950388715316 -0.1518419253224832 0 -0.6164172189178428 0
-1.126061677737253 -0.6164655864163585 0 -0.15179038256067381 0
-1.1260283166029745 -0.15173885027845704 0 -0.6165139432770668 0
-1.1259949554686959 -0.15168732846898064 0 -0.6165622895067976 0
-1.1259615943344174 -0.15163581712540092 0 -0.6166106251123721 0
-1.1259282332001388 -0.15158431624088023 0 -0.6166589501006056 0
-1.1258948720658601 -0.15153282580858915 0 -0.6167072644783049 0
-1.1258615109315817 -0.15148134582170558 0 -0.6167555682522697 0
-1.125828149797303 -0.15142987627341367 0 -0.6168038614292936 0
-1.1257947886630246 -0.15137841715690617 0 -0.6168521440161611 0
-1.125761427528746 -0.15132696846538163 0 -0.6169004160196512 0
-1.1257280663944673 -0.15127553019204698 0 -0.6169486774465345 0
-1.1256947052601889 -0.6169969283035746 0 -0.15122410233011627 0
-1.1256613441259102 -0.1511726848728098 0 -0.6170451685975286 0
-1.1256279829916318 -0.15112127781335635 0 -0.6170933983351451 0
-1.1255946218573532 -0.15106988114499062 0 -0.6171416175231672 0
-1.1255612607230745 -0.15101849486095542 0 -0.6171898261683293 0
-1.125527899588796 -0.15096711895450082 0 -0.6172380242773591 0
-1.1254945384545174 -0.15091575341888283 0 -0.6172862118569776 0
-1.125461177320239 -0.15086439824736625 0 -0.617334388913898 0
-1.1254278161859603 -0.15081305343322143 0 -0.6173825554548272 0
-1.1253944550516817 -0.15076171896972695 0 -0.617430711486464 0
-1.1253610939174032 -0.15071039485016843 0 -0.6174788570155005 0
-1.1253277327831246 -0.1506590810678377 0 -0.6175269920486222 0
-1.1252943716488462 -0.15060777761603492 0 -0.6175751165925063 0
-1.1252610105145675 -0.15055648448806602 0 -0.6176232306538244 0
-1.1252276493802889 -0.150505201677245 0 -0.6176713342392399 0
-1.1251942882460104 -0.15045392917689293 0 -0.6177194273554093 0
-1.1251609271117318 -0.15040266698033689 0 -0.6177675100089829 0
-1.1251275659774531 -0.15035141508091207 0 -0.6178155822066028 0
-1.1250942048431747 -0.15030017347196062 0 -0.6178636439549047 0
-1.125060843708896 -0.15024894214683074 0 -0.6179116952605173 0
-1.1250274825746176 -0.15019772109887897 0 -0.6179597361300617 0
-1.124994121440339 -0.15014651032146747 0 -0.6180077665701533 0
-1.1249607603060603 -0.15009530980796643 0 -0.6180557865873991 0
-1.1249273991717819 -0.150044119551753 0 -0.6181037961883994 0
-1.1248940380375032 -0.14999293954621032 0 -0.6181517953797486 0
-1.1248606769032248 -0.14994176978472973 0 -0.6181997841680327 0
-1.1248273157689461 -0.14989061026070835 0 -0.6182477625598318 0
-1.1247939546346675 -0.6182957305617187 0 -0.14983946096755102 0
-1.124760593500389 -0.1497883218986697 0 -0.6183436881802586 0
-1.1247272323661104 -0.14973719304748212 0 -0.6183916354220115 0
-1.124693871231832 -0.14968607440741433 0 -0.6184395722935284 0
-1.1246605100975533 -0.6184874988013551 0 -0.14963496597189782 0
-1.1246271489632746 -0.1495838677343722 0 -0.6185354149520296 0
-1.1245937878289962 -0.14953277968828377 0 -0.618583320752083 0
-1.1245604266947176 -0.14948170182708465 0 -0.6186312162080403 0
-1.1245270655604391 -0.14943063414423532 0 -0.6186791013264186 0
-1.1244937044261605 -0.1493795766332016 0 -0.6187269761137292 0
-1.1244603432918818 -0.14932852928745724 0 -0.6187748405764758 0
-1.1244269821576034 -0.14927749210048283 0 -0.6188226947211553 0
-1.1243936210233247 -0.14922646506576467 0 -0.6188705385542584 0
-1.1243602598890463 -0.1491754481767973 0 -0.6189183720822682 0
-1.1243268987547677 -0.14912444142708067 0 -0.618966195311662 0
-1.124293537620489 -0.14907344481012247 0 -0.6190140082489093 0
-1.1242601764862106 -0.1490224583194373 0 -0.6190618109004729 0
-1.124226815351932 -0.14897148194854537 0 -0.6191096032728098 0
-1.1241934542176535 -0.14892051569097503 0 -0.6191573853723692 0
-1.1241600930833748 -0.1488695595402601 0 -0.6192051572055944 0
-1.1241267319490962 -0.14881861348994205 0 -0.6192529187789213 0
-1.1240933708148177 -0.1487676775335691 0 -0.6193006700987789 0
-1.124060009680539 -0.14871675166469517 0 -0.6193484111715906 0
-1.1240266485462607 -0.1486658358768823 0 -0.6193961420037716 0
-1.123993287411982 -0.14861493016369773 0 -0.619443862601732 0
-1.1239599262777034 -0.14856403451871655 0 -0.6194915729718738 0
-1.123926565143425 -0.14851314893552042 0 -0.619539273120593 0
-1.1238932040091463 -0.14846227340769672 0 -0.6195869630542792 0
-1.1238598428748678 -0.14841140792884075 0 -0.6196346427793145 0
-1.1238264817405892 -0.14836055249255317 0 -0.6196823123020752 0
-1.1237931206063105 -0.1483097070924423 0 -0.6197299716289306 0
-1.123759759472032 -0.14825887172212304 0 -0.6197776207662428 0
-1.1237263983377535 -0.14820804637521592 0 -0.6198252597203686 0
-1.1236930372034748 -0.14815723104534903 0 -0.6198728884976571 0
-1.1236596760691964 -0.1481064257261572 0 -0.6199205071044508 0
-1.1236263149349177 -0.14805563041128067 0 -0.6199681155470865 0
-1.1235929538006393 -0.14800484509436768 0 -0.6200157138318935 0
-1.1235595926663606 -0.14795406976907172 0 -0.6200633019651952 0
-1.123526231532082 -0.14790330442905378 0 -0.620110879953308 0
-1.1234928703978035 -0.14785254906798145 0 -0.6201584478025415 0
-1.123459509263525 -0.14780180367952783 0 -0.6202060055191997 0
-1.1234261481292465 -0.14775106825737389 0 -0.620253553109579 0
-1.1233927869949678 -0.14770034279520577 0 -0.6203010905799703 0
-1.1233594258606892 -0.6203486179366571 0 -0.14764962728671718 0
-1.1233260647264107 -0.14759892172560832 0 -0.6203961351859165 0
-1.123292703592132 -0.14754822610558474 0 -0.6204436423340199 0
-1.1232593424578536 -0.14749754042035998 0 -0.6204911393872312 0
-1.123225981323575 -0.14744686466365264 0 -0.620538626351809 0
-1.1231926201892963 -0.14739619882918883 0 -0.620586103234004 0
-1.123159259055018 -0.14734554291070112 0 -0.6206335700400611 0
-1.1231258979207392 -0.1472948969019274 0 -0.6206810267762195 0
-1.1230925367864608 -0.14724426079661346 0 -0.6207284734487105 0
-1.1230591756521822 -0.14719363458851015 0 -0.6207759100637605 0
-1.1230258145179035 -0.14714301827137566 0 -0.6208233366275883 0
-1.122992453383625 -0.14709241183897473 0 -0.6208707531464064 0
-1.1229590922493464 -0.14704181528507743 0 -0.6209181596264218 0
-1.122925731115068 -0.14699122860346148 0 -0.6209655560738341 0
-1.1228923699807893 -0.14694065178790977 0 -0.6210129424948373 0
-1.1228590088465107 -0.14689008483221253 0 -0.6210603188956183 0
-1.1228256477122323 -0.1468395277301662 0 -0.621107685282358 0
-1.1227922865779536 -0.14678898047557284 0 -0.6211550416612311 0
-1.1227589254436752 -0.14673844306224193 0 -0.6212023880384057 0
-1.1227255643093965 -0.14668791548398816 0 -0.6212497244200438 0
-1.1226922031751179 -0.14663739773463338 0 -0.6212970508123007 0
-1.1226588420408394 -0.14658688980800588 0 -0.6213443672213255 0
-1.1226254809065608 -0.1465363916979391 0 -0.6213916736532614 0
-1.1225921197722823 -0.14648590339827436 0 -0.6214389701142445 0
-1.1225587586380037 -0.14643542490285769 0 -0.6214862566104058 0
-1.122525397503725 -0.14638495620554254 0 -0.6215335331478687 0
-1.1224920363694466 -0.14633449730018855 0 -0.621580799732751 0
-1.122458675235168 -0.1462840481806607 0 -0.6216280563711645 0
-1.1224253141008895 -0.14623360884083147 0 -0.6216753030692138 0
-1.1223919529666109 -0.14618317927457836 0 -0.6217225398329985 0
-1.1223585918323322 -0.146132759475786 0 -0.6217697666686112 0
-1.1223252306980538 -0.1460823494383453 0 -0.6218169835821377 0
-1.1222918695637751 -0.14603194915615236 0 -0.6218641905796591 0
-1.1222585084294967 -0.14598155862311088 0 -0.6219113876672488 0
-1.122225147295218 -0.1459311778331293 0 -0.6219585748509753 0
-1.1221917861609394 -0.14588080678012338 0 -0.6220057521368999 0
-1.122158425026661 -0.14583044545801507 0 -0.6220529195310777 0
-1.1221250638923823 -0.14578009386073135 0 -0.6221000770395586 0
-1.1220917027581037 -0.14572975198220647 0 -0.6221472246683855 0
-1.1220583416238252 -0.14567941981638086 0 -0.6221943624235949 0
-1.1220249804895466 -0.14562909735719998 0 -0.6222414903112186 0
-1.1219916193552681 -0.14557878459861684 0 -0.6222886083372801 0
-1.1219582582209895 -0.14552848153458928 0 -0.622335716507799 0
-1.1219248970867108 -0.1454781881590822 0 -0.622382814828787 0
-1.1218915359524324 -0.14542790446606665 0 -0.6224299033062504 0
-1.1218581748181538 -0.14537763044951874 0 -0.62247698194619 0
-1.1218248136838753 -0.145327366103422 0 -0.6225240507545989 0
-1.1217914525495967 -0.14527711142176478 0 -0.6225711097374662 0
-1.121758091415318 -0.6226181589007732 0 -0.14522686639854243 0
-1.1217247302810396 -0.14517663102775644 0 -0.6226651982504955 0
-1.121691369146761 -0.14512640530341328 0 -0.6227122277926034 0
-1.1216580080124825 -0.14507618921952692 0 -0.6227592475330602 0
-1.1216246468782038 -0.14502598277011586 0 -0.622806257477824 0
-1.1215912857439252 -0.14497578594920582 0 -0.6228532576328464 0
-1.1215579246096468 -0.14492559875082842 0 -0.6229002480040723 0
-1.121524563475368 -0.14487542116902036 0 -0.6229472285974422 0
-1.1214912023410897 -0.14482525319782566 0 -0.6229941994188891 0
-1.121457841206811 -0.14477509483129303 0 -0.6230411604743409 0
-1.1214244800725324 -0.1447249460634781 0 -0.6230881117697191 0
-1.121391118938254 -0.14467480688844253 0 -0.6231350533109389 0
-1.1213577578039753 -0.144624677300253 0 -0.6231819851039104 0
-1.1213243966696969 -0.1445745572929834 0 -0.6232289071545368 0
-1.1212910355354182 -0.14452444686071234 0 -0.6232758194687164 0
-1.1212576744011395 -0.1444743459975252 0 -0.6233227220523405 0
-1.1212243132668611 -0.6233696149112947 0 -0.1444242546975136 0
-1.1211909521325825 -0.6234164980514593 0 -0.14437417295477378 0
-1.121157590998304 -0.14432410076340937 0 -0.6234633714787077 0
-1.1211242298640254 -0.14427403811752867 0 -0.6235102351989086 0
-1.1210908687297467 -0.14422398501124678 0 -0.6235570892179235 0
-1.1210575075954683 -0.1441739414386847 0 -0.6236039335416085 0
-1.1210241464611896 -0.1441239073939683 0 -0.6236507681758144 0
-1.120990785326911 -0.1440738828712304 0 -0.6236975931263855 0
-1.1209574241926326 -0.14402386786460972 0 -0.6237444083991597 0
-1.120924063058354 -0.1439738623682497 0 -0.6237912139999704 0
-1.1208907019240755 -0.14392386637630106 0 -0.6238380099346439 0
-1.1208573407897968 -0.6238847962090015 0 -0.14387387988291914 0
-1.1208239796555182 -0.14382390288226593 0 -0.6239315728288581 0
-1.1207906185212397 -0.1437739353685093 0 -0.6239783398000227 0
-1.120757257386961 -0.14372397733582204 0 -0.6240250971282996 0
-1.1207238962526826 -0.14367402877838403 0 -0.6240718448194851 0
-1.120690535118404 -0.1436240896903796 0 -0.6241185828793722 0
-1.1206571739841253 -0.14357416006599996 0 -0.6241653113137464 0
-1.120623812849847 -0.14352423989944196 0 -0.6242120301283876 0
-1.1205904517155683 -0.14347432918490735 0 -0.6242587393290707 0
-1.1205570905812898 -0.143424427916605 0 -0.6243054389215638 0
-1.1205237294470112 -0.1433745360887482 0 -0.6243521289116304 0
-1.1204903683127325 -0.14332465369555691 0 -0.6243988093050273 0
-1.120457007178454 -0.6244454801075054 0 -0.14327478073125696 0
-1.1204236460441754 -0.14322491719007885 0 -0.624492141324811 0
-1.120390284909897 -0.14317506306626016 0 -0.6245387929626834 0
-1.1203569237756184 -0.1431252183540429 0 -0.6245854350268573 0
-1.1203235626413397 -0.14307538304767572 0 -0.6246320675230607 0
-1.1202902015070613 -0.1430255571414131 0 -0.6246786904570159 0
-1.1202568403727826 -0.14297574062951413 0 -0.6247253038344407 0
-1.1202234792385042 -0.1429259335062449 0 -0.6247719076610456 0
-1.1201901181042255 -0.142876135765876 0 -0.6248185019425369 0
-1.1201567569699469 -0.1428263474026845 0 -0.624865086684614 0
-1.1201233958356684 -0.14277656841095332 0 -0.624911661892971 0
-1.1200900347013898 -0.14272679878496994 0 -0.6249582275732971 0
-1.1200566735671114 -0.14267703851902888 0 -0.6250047837312744 0
-1.1200233124328327 -0.14262728760742893 0 -0.6250513303725809 0
-1.119989951298554 -0.1425775460444755 0 -0.6250978675028878 0
-1.1199565901642756 -0.14252781382447977 0 -0.6251443951278608 0
-1.119923229029997 -0.14247809094175734 0 -0.6251909132531608 0
-1.1198898678957185 -0.14242837739063094 0 -0.6252374218844419 0
-1.1198565067614399 -0.1423786731654275 0 -0.6252839210273539 0
-1.1198231456271612 -0.14232897826048047 0 -0.6253304106875399 0
-1.1197897844928828 -0.14227929267012904 0 -0.6253768908706376 0
-1.1197564233586041 -0.14222961638871692 0 -0.6254233615822797 0
-1.1197230622243257 -0.14217994941059467 0 -0.6254698228280926 0
-1.119689701090047 -0.1421302917301172 0 -0.6255162746136977 0
-1.1196563399557684 -0.14208064334164594 0 -0.6255627169447107 0
-1.11962297882149 -0.14203100423954776 0 -0.625609149826741 0
-1.1195896176872113 -0.14198137441819425 0 -0.6256555732653938 0
-1.119556256552933 -0.14193175387196377 0 -0.6257019872662675 0
-1.1195228954186542 -0.1418821425952389 0 -0.6257483918349559 0
-1.1194895342843756 -0.14183254058240877 0 -0.6257947869770468 0
-1.1194561731500972 -0.141782947827868 0 -0.6258411726981221 0
-1.1194228120158185 -0.14173336432601566 0 -0.6258875490037593 0
-1.11938945088154 -0.14168379007125778 0 -0.625933915899529 0
-1.1193560897472614 -0.14163422505800446 0 -0.6259802733909978 0
-1.1193227286129828 -0.14158466928067234 0 -0.6260266214837257 0
-1.1192893674787043 -0.14153512273368343 0 -0.6260729601832672 0
-1.1192560063444257 -0.1414855854114643 0 -0.6261192894951724 0
-1.119222645210147 -0.14143605730844802 0 -0.6261656094249848 0
-1.1191892840758686 -0.141386538419073 0 -0.6262119199782427 0
-1.11915592294159 -0.1413370287377822 0 -0.6262582211604795 0
-1.1191225618073115 -0.14128752825902527 0 -0.6263045129772223 0
-1.1190892006730329 -0.14123803697725604 0 -0.6263507954339939 0
-1.1190558395387542 -0.14118855488693474 0 -0.6263970685363105 0
-1.1190224784044758 -0.1411390819825269 0 -0.6264433322896833 0
-1.1189891172701971 -0.14108961825850266 0 -0.6264895866996186 0
-1.1189557561359187 -0.14104016370933875 0 -0.6265358317716164 0
-1.11892239500164 -0.140990718329516 0 -0.6265820675111721 0
-1.1188890338673614 -0.1409412821135217 0 -0.6266282939237753 0
-1.118855672733083 -0.14089185505584842 0 -0.6266745110149099 0
-1.1188223115988043 -0.1408424371509931 0 -0.6267207187900554 0
-1.1187889504645259 -0.14079302839345942 0 -0.6267669172546847 0
-1.1187555893302472 -0.14074362877775515 0 -0.6268131064142668 0
-1.1187222281959686 -0.14069423829839425 0 -0.6268592862742638 0
-1.1186888670616901 -0.1406448569498962 0 -0.6269054568401331 0
-1.1186555059274115 -0.1405954847267847 0 -0.6269516181173275 0
-1.118622144793133 -0.1405461216235901 0 -0.626997770111293 0
-1.1185887836588544 -0.14049676763484686 0 -0.6270439128274716 0
-1.1185554225245757 -0.14044742275509559 0 -0.6270900462712996 0
-1.1185220613902973 -0.14039808697888234 0 -0.627136170448207 0
-1.1184887002560187 -0.14034876030075738 0 -0.6271822853636204 0
-1.1184553391217402 -0.1402994427152777 0 -0.627228391022959 0
-1.1184219779874616 -0.14025013421700414 0 -0.6272744874316385 0
-1.118388616853183 -0.14020083480050383 0 -0.6273205745950684 0
-1.1183552557189045 -0.14015154446034922 0 -0.6273666525186526 0
-1.1183218945846258 -0.140102263191117 0 -0.627412721207791 0
-1.1182885334503474 -0.1400529909873904 0 -0.6274587806678767 0
-1.1182551723160687 -0.14000372784375673 0 -0.627504830904299 0
-1.11822181118179 -0.6275508719224409 0 -0.13995447375480935 0
-1.1181884500475117 -0.13990522871514688 0 -0.6275969037276802 0
-1.118155088913233 -0.13985599271937232 0 -0.6276429263253903 0
-1.1181217277789544 -0.13980676576209475 0 -0.6276889397209388 0
-1.118088366644676 -0.1397575478379285 0 -0.6277349439196875 0
-1.1180550055103973 -0.13970833894149207 0 -0.6277809389269946 0
-1.1180216443761188 -0.1396591390674106 0 -0.6278269247482113 0
-1.1179882832418402 -0.13960994821031295 0 -0.6278729013886852 0
-1.1179549221075615 -0.13956076636483428 0 -0.6279188688537575 0
-1.117921560973283 -0.13951159352561485 0 -0.6279648271487642 0
-1.1178881998390044 -0.13946242968729916 0 -0.6280107762790375 0
-1.117854838704726 -0.1394132748445382 0 -0.6280567162499028 0
-1.1178214775704474 -0.13936412899198664 0 -0.6281026470666815 0
-1.1177881164361687 -0.1393149921243055 0 -0.6281485687346893 0
-1.1177547553018903 -0.13926586423616083 0 -0.6281944812592363 0
-1.1177213941676116 -0.13921674532222286 0 -0.6282403846456289 0
-1.1176880330333332 -0.13916763537716823 0 -0.6282862788991668 0
-1.1176546718990545 -0.13911853439567745 0 -0.6283321640251457 0
-1.1176213107647759 -0.13906944237243707 0 -0.6283780400288554 0
-1.1175879496304975 -0.1390203593021388 0 -0.6284239069155808 0
-1.1175545884962188 -0.13897128517947838 0 -0.6284697646906025 0
-1.1175212273619404 -0.13892221999915805 0 -0.6285156133591944 0
-1.1174878662276617 -0.1388731637558838 0 -0.6285614529266269 0
-1.117454505093383 -0.13882411644436762 0 -0.6286072833981644 0
-1.1174211439591046 -0.1387750780593267 0 -0.6286531047790661 0
-1.117387782824826 -0.1387260485954822 0 -0.6286989170745872 0
-1.1173544216905476 -0.1386770280475617 0 -0.6287447202899764 0
-1.117321060556269 -0.13862801641029654 0 -0.6287905144304786 0
-1.1172876994219902 -0.628836299501333 0 -0.13857901367842398 0
-1.1172543382877118 -0.1385300198466865 0 -0.6288820755077735 0
-1.1172209771534332 -0.13848103490983046 0 -0.6289278424550298 0
-1.1171876160191547 -0.13843205886260868 0 -0.6289736003483254 0
-1.117154254884876 -0.13838309169977764 0 -0.6290193491928804 0
-1.1171208937505974 -0.13833413341609974 0 -0.6290650889939086 0
-1.117087532616319 -0.13828518400634252 0 -0.6291108197566185 0
-1.1170541714820403 -0.13823624346527746 0 -0.6291565414862151 0
-1.117020810347762 -0.6292022541878971 0 -0.13818731178768237 0
-1.1169874492134833 -0.13813838896833872 0 -0.6292479578668588 0
-1.1169540880792046 -0.1380894750020339 0 -0.6292936525282896 0
-1.1169207269449262 -0.1380405698835604 0 -0.629339338177373 0
-1.1168873658106475 -0.13799167360771453 0 -0.6293850148192889 0
-1.116854004676369 -0.13794278616929895 0 -0.6294306824592111 0
-1.1168206435420904 -0.13789390756312 0 -0.6294763411023092 0
-1.1167872824078118 -0.13784503778398988 0 -0.6295219907537477 0
-1.1167539212735333 -0.1377961768267258 0 -0.6295676314186852 0
-1.1167205601392547 -0.13774732468614878 0 -0.629613263102277 0
-1.1166871990049763 -0.13769848135708626 0 -0.6296588858096723 0
-1.1166538378706976 -0.13764964683436914 0 -0.6297044995460159 0
-1.116620476736419 -0.1376008211128343 0 -0.6297501043164474 0
-1.1165871156021405 -0.13755200418732352 0 -0.6297957001261013 0
-1.1165537544678619 -0.1375031960526825 0 -0.629841286980108 0
-1.1165203933335832 -0.13745439670376267 0 -0.6298868648835922 0
-1.1164870321993048 -0.13740560613542058 0 -0.6299324338416737 0
-1.1164536710650261 -0.13735682434251653 0 -0.6299779938594684 0
-1.1164203099307477 -0.13730805131991702 0 -0.6300235449420859 0
-1.116386948796469 -0.13725928706249216 0 -0.6300690870946324 0
-1.1163535876621904 -0.13721053156511784 0 -0.630114620322208 0
-1.116320226527912 -0.13716178482267483 0 -0.6301601446299082 0
-1.1162868653936333 -0.13711304683004777 0 -0.6302056600228247 0
-1.1162535042593549 -0.13706431758212745 0 -0.6302511665060426 0
-1.1162201431250762 -0.630296664084644 0 -0.13701559707380817 0
-1.1161867819907976 -0.13696688529999004 0 -0.6303421527637049 0
-1.1161534208565191 -0.13691818225557806 0 -0.6303876325482964 0
-1.1161200597222405 -0.13686948793548093 0 -0.6304331034434858 0
-1.116086698587962 -0.13682080233461355 0 -0.6304785654543347 0
-1.1160533374536834 -0.13677212544789435 0 -0.6305240185859005 0
-1.1160199763194047 -0.13672345727024743 0 -0.6305694628432353 0
-1.1159866151851263 -0.13667479779660183 0 -0.6306148982313864 0
-1.1159532540508477 -0.1366261470218902 0 -0.6306603247553969 0
-1.1159198929165692 -0.13657750494105142 0 -0.6307057424203044 0
-1.1158865317822906 -0.1365288715490278 0 -0.6307511512311424 0
-1.115853170648012 -0.13648024684076737 0 -0.6307965511929394 0
-1.1158198095137335 -0.13643163081122298 0 -0.6308419423107183 0
-1.1157864483794548 -0.13638302345535108 0 -0.6308873245894988 0
-1.1157530872451764 -0.13633442476811442 0 -0.6309326980342944 0
-1.1157197261108978 -0.13628583474447897 0 -0.6309780626501149 0
-1.115686364976619 -0.13623725337941656 0 -0.6310234184419649 0
-1.1156530038423407 -0.13618868066790366 0 -0.6310687654148438 0
-1.115619642708062 -0.13614011660492045 0 -0.6311141035737476 0
-1.1155862815737836 -0.1360915611854533 0 -0.6311594329236662 0
-1.115552920439505 -0.13604301440449174 0 -0.6312047534695856 0
-1.1155195593052263 -0.1359944762570312 0 -0.6312500652164869 0
-1.1154861981709479 -0.13594594673807164 0 -0.6312953681693461 0
-1.1154528370366692 -0.13589742584261685 0 -0.6313406623331351 0
-1.1154194759023908 -0.13584891356567655 0 -0.6313859477128209 0
-1.1153861147681121 -0.1358004099022638 0 -0.6314312243133657 0
-1.1153527536338335 -0.13575191484739738 0 -0.6314764921397275 0
-1.115319392499555 -0.1357034283961007 0 -0.6315217511968585 0
-1.1152860313652764 -0.13565495054340085 0 -0.6315670014897076 0
-1.1152526702309977 -0.13560648128433053 0 -0.6316122430232182 0
-1.1152193090967193 -0.13555802061392716 0 -0.6316574758023291 0
-1.1151859479624406 -0.1355095685272317 0 -0.6317026998319751 0
-1.1151525868281622 -0.13546112501929114 0 -0.6317479151170853 0
-1.1151192256938836 -0.1354126900851558 0 -0.6317931216625855 0
-1.115085864559605 -0.1353642637198815 0 -0.6318383194733955 0
-1.1150525034253265 -0.1353158459185288 0 -0.6318835085544313 0
-1.1150191422910478 -0.1352674366761618 0 -0.6319286889106043 0
-1.1149857811567694 -0.1352190359878506 0 -0.6319738605468206 0
-1.1149524200224907 -0.13517064384866842 0 -0.6320190234679829 0
-1.114919058888212 -0.13512226025369425 0 -0.6320641776789883 0
-1.1148856977539336 -0.13507388519801156 0 -0.6321093231847291 0
-1.114852336619655 -0.13502551867670742 0 -0.6321544599900942 0
-1.1148189754853766 -0.1349771606848748 0 -0.6321995880999668 0
-1.114785614351098 -0.1349288112176099 0 -0.6322447075192265 0
-1.1147522532168193 -0.6322898182527474 0 -0.13488047027001454 0
-1.1147188920825408 -0.13483213783719503 0 -0.6323349203053992 0
-1.1146855309482622 -0.13478381391426122 0 -0.632380013682048 0
-1.1146521698139837 -0.1347354984963289 0 -0.6324250983875539 0
-1.114618808679705 -0.13468719157851697 0 -0.6324701744267738 0
-1.1145854475454264 -0.13463889315594996 0 -0.6325152418045593 0
-1.114552086411148 -0.13459060322375685 0 -0.6325603005257574 0
-1.1145187252768693 -0.6326053505952112 0 -0.1345423217770702 0
-1.114485364142591 -0.13449404881102842 0 -0.6326503920177584 0
-1.1144520030083123 -0.13444578432077295 0 -0.6326954247982333 0
