-2.5 -1811.75
-2.497498213009292 -1804.4792405861206
-2.494996426018585 -1797.227346596067
-2.492494639027877 -1789.9942939783355
-2.4899928520371692 -1782.7800586814244
-2.487491065046462 -1775.5846166538336
-2.484989278055754 -1768.4079438440588
-2.4824874910650463 -1761.2500162005977
-2.479985704074339 -1754.1108096719502
-2.477483917083631 -1746.9903002066123
-2.4749821300929233 -1739.8884637530814
-2.472480343102216 -1732.8052762598593
-2.469978556111508 -1725.740713675439
-2.4674767691208004 -1718.6947519483201
-2.464974982130093 -1711.6673670270025
-2.4624731951393852 -1704.658534859981
-2.4599714081486774 -1697.6682313957551
-2.45746962115797 -1690.6964325828235
-2.4549678341672623 -1683.743114369682
-2.4524660471765545 -1676.8082527048282
-2.449964260185847 -1669.8918235367632
-2.4474624731951393 -1662.9938028139825
-2.4449606862044315 -1656.1141664849833
-2.442458899213724 -1649.2528904982662
-2.4399571122230164 -1642.4099508023264
-2.4374553252323086 -1635.5853233456628
-2.434953538241601 -1628.7789840767741
-2.4324517512508934 -1621.9909089441558
-2.429949964260186 -1615.2210738963092
-2.4274481772694783 -1608.4694548817288
-2.4249463902787705 -1601.7360278489136
-2.422444603288063 -1595.0207687463635
-2.4199428162973553 -1588.3236535225737
-2.4174410293066475 -1581.6446581260423
-2.41493924231594 -1574.9837585052696
-2.4124374553252323 -1568.3409306087513
-2.4099356683345246 -1561.7161503849848
-2.407433881343817 -1555.1093937824699
-2.4049320943531094 -1548.5206367497024
-2.4024303073624016 -1541.9498552351824
-2.3999285203716942 -1535.3970251874068
-2.3974267333809864 -1528.8621225548727
-2.3949249463902786 -1522.3451232860784
-2.3924231593995713 -1515.8460033295232
-2.3899213724088635 -1509.364738633702
-2.3874195854181557 -1502.9013051471145
-2.3849177984274483 -1496.4556788182608
-2.3824160114367405 -1490.0278355956343
-2.3799142244460327 -1483.6177514277354
-2.3774124374553254 -1477.2254022630623
-2.3749106504646176 -1470.8507640501118
-2.37240886347391 -1464.4938127373816
-2.3699070764832024 -1458.1545242733716
-2.3674052894924946 -1451.8328746065763
-2.364903502501787 -1445.5288396854962
-2.3624017155110795 -1439.2423954586295
-2.3598999285203717 -1432.9735178744713
-2.357398141529664 -1426.722182881522
-2.3548963545389565 -1420.4883664282788
-2.3523945675482487 -1414.2720444632396
-2.349892780557541 -1408.073192934901
-2.3473909935668336 -1401.8917877917634
-2.3448892065761258 -1395.7278049823228
-2.342387419585418 -1389.581220455077
-2.3398856325947106 -1383.452010158525
-2.337383845604003 -1377.340150041163
-2.334882058613295 -1371.2456160514907
-2.3323802716225877 -1365.1683841380052
-2.32987848463188 -1359.1084302492045
-2.327376697641172 -1353.0657303335852
-2.3248749106504647 -1347.0402603396483
-2.322373123659757 -1341.0319962158878
-2.319871336669049 -1335.0409139108044
-2.3173695496783417 -1329.0669893728955
-2.314867762687634 -1323.1101985506573
-2.3123659756969266 -1317.1705173925902
-2.309864188706219 -1311.247921847189
-2.307362401715511 -1305.3423878629544
-2.304860614724803 -1299.4538913883825
-2.302358827734096 -1293.5824083719733
-2.299857040743388 -1287.727914762222
-2.2973552537526807 -1281.8903865076281
-2.294853466761973 -1276.0697995566895
-2.292351679771265 -1270.2661298579023
-2.2898498927805577 -1264.4793533597674
-2.28734810578985 -1258.7094460107796
-2.284846318799142 -1252.9563837594387
-2.2823445318084348 -1247.2201425542426
-2.279842744817727 -1241.5006983436874
-2.277340957827019 -1235.798027076272
-2.274839170836312 -1230.1121047004963
-2.272337383845604 -1224.4429071648558
-2.269835596854896 -1218.790410417847
-2.267333809864189 -1213.1545904079721
-2.264832022873481 -1207.5354230837245
-2.2623302358827733 -1201.9328843936055
-2.259828448892066 -1196.3469502861115
-2.257326661901358 -1190.7775967097396
-2.2548248749106503 -1185.2247996129881
-2.252323087919943 -1179.6885349443567
-2.249821300929235 -1174.1687786523407
-2.2473195139385274 -1168.6655066854398
-2.24481772694782 -1163.1786949921516
-2.242315939957112 -1157.7083195209725
-2.2398141529664044 -1152.254356220402
-2.237312365975697 -1146.8167810389382
-2.2348105789849892 -1141.395569925077
-2.2323087919942814 -1135.9906988273178
-2.229807005003574 -1130.6021436941583
-2.2273052180128663 -1125.2298804740963
-2.2248034310221585 -1119.8738851156286
-2.222301644031451 -1114.5341335672558
-2.2197998570407433 -1109.2106017774722
-2.2172980700500355 -1103.9032656947784
-2.214796283059328 -1098.6121012676717
-2.2122944960686204 -1093.3370844446492
-2.2097927090779126 -1088.0781911742083
-2.2072909220872052 -1082.8353974048496
-2.2047891350964974 -1077.608679085068
-2.2022873481057896 -1072.3980121633626
-2.1997855611150823 -1067.2033725882316
-2.1972837741243745 -1062.0247363081721
-2.194781987133667 -1056.8620792716827
-2.1922802001429593 -1051.7153774272604
-2.1897784131522515 -1046.5846067234036
-2.1872766261615437 -1041.4697431086101
-2.1847748391708364 -1036.3707625313787
-2.1822730521801286 -1031.2876409402054
-2.179771265189421 -1026.22035428359
-2.1772694781987134 -1021.1688785100282
-2.1747676912080056 -1016.13318956802
-2.172265904217298 -1011.1132634060618
-2.1697641172265905 -1006.1090759726528
-2.1672623302358827 -1001.1206032162893
-2.1647605432451753 -996.1478210854712
-2.1622587562544675 -991.1907055286938
-2.1597569692637597 -986.2492324944573
-2.157255182273052 -981.3233779312573
-2.1547533952823446 -976.4131177875947
-2.1522516082916368 -971.5184280119645
-2.1497498213009294 -966.6392845528671
-2.1472480343102216 -961.7756633587971
-2.144746247319514 -956.9275403782548
-2.1422444603288064 -952.0948915597388
-2.1397426733380986 -947.2776928517442
-2.137240886347391 -942.475920202771
-2.1347390993566835 -937.6895495613164
-2.1322373123659757 -932.9185568758786
-2.129735525375268 -928.1629180949542
-2.1272337383845605 -923.4226091670437
-2.1247319513938527 -918.6976060406419
-2.122230164403145 -913.9878846642482
-2.1197283774124376 -909.2934209863618
-2.11722659042173 -904.6141909554775
-2.114724803431022 -899.9501705200953
-2.1122230164403146 -895.3013356287129
-2.109721229449607 -890.6676622298278
-2.107219442458899 -886.0491262719379
-2.1047176554681917 -881.4457037035413
-2.102215868477484 -876.8573704731351
-2.099714081486776 -872.284102529218
-2.0972122944960687 -867.7258758202886
-2.094710507505361 -863.1826662948426
-2.092208720514653 -858.6544499013788
-2.0897069335239458 -854.1412025883967
-2.087205146533238 -849.642900304392
-2.08470335954253 -845.159518997863
-2.082201572551823 -840.691034617309
-2.079699785561115 -836.2374231112258
-2.077197998570407 -831.7986604281128
-2.0746962115797 -827.3747225164676
-2.072194424588992 -822.9655853247875
-2.0696926375982843 -818.5712248015702
-2.067190850607577 -814.1916168953155
-2.064689063616869 -809.826737554519
-2.0621872766261617 -805.4765627276797
-2.059685489635454 -801.1410683632945
-2.057183702644746 -796.8202304098622
-2.0546819156540383 -792.5140248158802
-2.052180128663331 -788.2224275298479
-2.049678341672623 -783.9454145002608
-2.047176554681916 -779.6829616756188
-2.044674767691208 -775.4350450044174
-2.0421729807005002 -771.2016404351568
-2.0396711937097924 -766.9827239163337
-2.037169406719085 -762.7782713964466
-2.0346676197283773 -758.5882588239928
-2.03216583273767 -754.4126621474708
-2.029664045746962 -750.2514573153774
-2.0271622587562543 -746.1046202762111
-2.024660471765547 -741.9721269784704
-2.022158684774839 -737.8539533706519
-2.0196568977841314 -733.7500754012548
-2.017155110793424 -729.6604690187761
-2.0146533238027162 -725.585110171714
-2.0121515368120084 -721.5239748085653
-2.009649749821301 -717.4770388778302
-2.0071479628305933 -713.4442783280047
-2.0046461758398855 -709.4256691075864
-2.002144388849178 -705.4211871650751
-1.9996426018584703 -701.4308084489669
-1.9971408148677625 -697.4545089077603
-1.9946390278770552 -693.4922644899536
-1.9921372408863474 -689.5440511440439
-1.9896354538956396 -685.6098448185289
-1.9871336669049322 -681.689621461908
-1.9846318799142244 -677.7833570226778
-1.9821300929235166 -673.8910274493358
-1.9796283059328093 -670.0126086903813
-1.9771265189421015 -666.1480766943106
-1.9746247319513937 -662.2974074096223
-1.9721229449606863 -658.460576784815
-1.9696211579699785 -654.6375607683856
-1.967119370979271 -650.8283353088323
-1.9646175839885633 -647.0328763546529
-1.9621157969978555 -643.2511598543452
-1.959614010007148 -639.4831617564071
-1.9571122230164404 -635.7288580093368
-1.9546104360257326 -631.9882245616316
-1.952108649035025 -628.2612373617901
-1.9496068620443174 -624.5478723583093
-1.9471050750536096 -620.8481054996876
-1.944603288062902 -617.1619127344227
-1.9421015010721945 -613.4892700110131
-1.9395997140814867 -609.8301532779558
-1.937097927090779 -606.184538483749
-1.9345961401000715 -602.5524015768907
-1.9320943531093637 -598.9337185058785
-1.9295925661186561 -595.3284652192106
-1.9270907791279486 -591.7366176653845
-1.9245889921372408 -588.158151792898
-1.9220872051465332 -584.5930435502497
-1.9195854181558256 -581.0412688859373
-1.9170836311651178 -577.5028037484574
-1.9145818441744102 -573.9776240863098
-1.9120800571837027 -570.4657058479909
-1.9095782701929949 -566.9670249819993
-1.9070764832022873 -563.4815574368328
-1.9045746962115797 -560.0092791609886
-1.902072909220872 -556.5501661029655
-1.8995711222301643 -553.1041942112608
-1.8970693352394568 -549.6713394343733
-1.894567548248749 -546.251577720799
-1.8920657612580414 -542.8448850190375
-1.8895639742673338 -539.4512372775864
-1.887062187276626 -536.0706104449425
-1.8845604002859184 -532.7029804696051
-1.8820586132952108 -529.3483233000711
-1.879556826304503 -526.0066148848383
-1.8770550393137955 -522.6778311724051
-1.874553252323088 -519.3619481112696
-1.87205146533238 -516.0589416499288
-1.8695496783416727 -512.7687877368817
-1.867047891350965 -509.4914623206249
-1.8645461043602571 -506.22694134965695
-1.8620443173695498 -502.9752007724762
-1.859542530378842 -499.73621653757937
-1.8570407433881342 -496.50996459346493
-1.8545389563974268 -493.2964208886315
-1.852037169406719 -490.0955613715752
-1.8495353824160112 -486.9073619907954
-1.8470335954253039 -483.73179869478963
-1.844531808434596 -480.56884743205546
-1.8420300214438885 -477.4184841510907
-1.839528234453181 -474.2806848003942
-1.8370264474624731 -471.155425328462
-1.8345246604717655 -468.042681683794
-1.832022873481058 -464.9424298148868
-1.8295210864903502 -461.8546456702381
-1.8270192994996426 -458.7793051983469
-1.824517512508935 -455.71638434771023
-1.8220157255182272 -452.66585906682604
-1.8195139385275196 -449.6277053041925
-1.817012151536812 -446.6018990083073
-1.8145103645461043 -443.58841612766804
-1.8120085775553967 -440.58723261077324
-1.809506790564689 -437.59832440612047
-1.8070050035739813 -434.621667462207
-1.8045032165832737 -431.65723772753176
-1.8020014295925662 -428.70501115059164
-1.7994996426018584 -425.7649636798853
-1.7969978556111508 -422.83707126391016
-1.7944960686204432 -419.92130985116444
-1.7919942816297354 -417.0176553901452
-1.7894924946390278 -414.1260838293513
-1.7869907076483202 -411.2465711172806
-1.7844889206576124 -408.3790932024298
-1.7819871336669049 -405.5236260332982
-1.7794853466761973 -402.6801455583828
-1.7769835596854895 -399.8486277261816
-1.774481772694782 -397.02904848519233
-1.7719799857040743 -394.2213837839135
-1.7694781987133665 -391.4256095708423
-1.766976411722659 -388.6417017944771
-1.7644746247319514 -385.8696364033156
-1.7619728377412436 -383.10938934585533
-1.759471050750536 -380.36093657059513
-1.7569692637598284 -377.62425402603134
-1.7544674767691206 -374.8993176606633
-1.751965689778413 -372.1861034229876
-1.7494639027877055 -369.48458726150335
-1.7469621157969977 -366.79474512470773
-1.7444603288062903 -364.11655296109916
-1.7419585418155825 -361.44998671917403
-1.7394567548248747 -358.79502234743205
-1.7369549678341674 -356.15163579437063
-1.7344531808434596 -353.5198030084864
-1.7319513938527518 -350.89949993827844
-1.7294496068620444 -348.29070253224467
-1.7269478198713366 -345.6933867388824
-1.7244460328806288 -343.10752850668956
-1.7219442458899215 -340.5331037841648
-1.7194424588992137 -337.9700885198049
-1.7169406719085059 -335.4184586621081
-1.7144388849177985 -332.87819015957297
-1.7119370979270907 -330.34925896069615
-1.7094353109363831 -327.8316410139765
-1.7069335239456755 -325.32531226791144
-1.7044317369549677 -322.830248670999
-1.7019299499642602 -320.3464261717367
-1.6994281629735526 -317.87382071862334
-1.6969263759828448 -315.4124082601555
-1.6944245889921372 -312.96216474483214
-1.6919228020014296 -310.5230661211508
-1.6894210150107218 -308.09508833760896
-1.6869192280200143 -305.678207342705
-1.6844174410293067 -303.2723990849362
-1.6819156540385989 -300.8776395128014
-1.6794138670478913 -298.4939045747974
-1.6769120800571837 -296.12117021942277
-1.674410293066476 -293.75941239517505
-1.6719085060757684 -291.4086070505524
-1.6694067190850608 -289.06873013405254
-1.666904932094353 -286.7397575941732
-1.6644031451036454 -284.4216653794126
-1.6619013581129378 -282.11442943826796
-1.65939957112223 -279.8180257192379
-1.6568977841315224 -277.53243017082
-1.6543959971408149 -275.2576187415121
-1.651894210150107 -272.9935673798118
-1.6493924231593995 -270.7402520342175
-1.646890636168692 -268.49764865322703
-1.6443888491779841 -266.26573318533735
-1.6418870621872765 -264.04448157904756
-1.639385275196569 -261.83386978285495
-1.6368834882058612 -259.63387374525723
-1.6343817012151536 -257.4444694147525
-1.631879914224446 -255.2656327398392
-1.6293781272337382 -253.09733966901388
-1.6268763402430306 -250.93956615077542
-1.624374553252323 -248.79228813362153
-1.6218727662616153 -246.65548156604996
-1.6193709792709077 -244.52912239655842
-1.6168691922802 -242.4131865736453
-1.6143674052894923 -240.30765004580786
-1.611865618298785 -238.21248876154448
-1.6093638313080771 -236.12767866935246
-1.6068620443173693 -234.05319571772992
-1.604360257326662 -231.9890158551754
-1.6018584703359542 -229.93511503018578
-1.5993566833452464 -227.8914691912592
-1.596854896354539 -225.85805428689406
-1.5943531093638312 -223.83484626558743
-1.5918513223731234 -221.82182107583793
-1.589349535382416 -219.81895466614304
-1.5868477483917083 -217.82622298500064
-1.5843459614010007 -215.84360198090877
-1.5818441744102931 -213.87106760236492
-1.5793423874195853 -211.90859579786718
-1.5768406004288777 -209.9561625159135
-1.5743388134381702 -208.013743705002
-1.5718370264474624 -206.08131531363
-1.5693352394567548 -204.1588532902959
-1.5668334524660472 -202.24633358349706
-1.5643316654753394 -200.34373214173166
-1.5618298784846318 -198.45102491349775
-1.5593280914939243 -196.56818784729262
-1.5568263045032165 -194.69519689161478
-1.5543245175125089 -192.8320279949616
-1.5518227305218013 -190.97865710583142
-1.5493209435310935 -189.13506017272135
-1.546819156540386 -187.30121314413023
-1.5443173695496784 -185.47709196855521
-1.5418155825589706 -183.6626725944947
-1.539313795568263 -181.85793097044598
-1.5368120085775554 -180.06284304490745
-1.5343102215868476 -178.27738476637663
-1.53180843459614 -176.50153208335144
-1.5293066476054324 -174.73526094433007
-1.5268048606147246 -172.97854729781002
-1.524303073624017 -171.23136709228947
-1.5218012866333095 -169.49369627626592
-1.5192994996426017 -167.76551079823741
-1.5167977126518941 -166.04678660670183
-1.5142959256611865 -164.33749965015733
-1.5117941386704787 -162.6376258771014
-1.5092923516797712 -160.9471412360318
-1.5067905646890636 -159.266021675447
-1.5042887776983558 -157.5942431438442
-1.5017869907076482 -155.9317815897218
-1.4992852037169406 -154.27861296157727
-1.496783416726233 -152.63471320790885
-1.4942816297355253 -151.0000582772139
-1.4917798427448177 -149.37462411799098
-1.48927805575411 -147.75838667873745
-1.4867762687634023 -146.15132190795106
-1.4842744817726947 -144.5534057541303
-1.4817726947819871 -142.96461416577256
-1.4792709077912793 -141.3849230913757
-1.4767691208005718 -139.81430847943776
-1.4742673338098642 -138.2527462784568
-1.4717655468191564 -136.70021243693034
-1.4692637598284488 -135.15668290335645
-1.4667619728377412 -133.62213362623285
-1.4642601858470334 -132.0965405540575
-1.4617583988563259 -130.57987963532844
-1.4592566118656183 -129.07212681854318
-1.4567548248749105 -127.57325805219978
-1.454253037884203 -126.0832492847961
-1.4517512508934953 -124.60207646483019
-1.4492494639027875 -123.12971554079945
-1.44674767691208 -121.6661424612025
-1.4442458899213724 -120.2113331745366
-1.4417441029306648 -118.76526362929965
-1.439242315939957 -117.32790977398972
-1.4367405289492494 -115.89924755710462
-1.4342387419585418 -114.47925292714243
-1.431736954967834 -113.0679018326004
-1.4292351679771265 -111.6651702219772
-1.4267333809864189 -110.27103404377033
-1.424231593995711 -108.88546924647727
-1.4217298070050035 -107.50845177859676
-1.419228020014296 -106.13995758862575
-1.4167262330235881 -104.77996262506275
-1.4142244460328806 -103.42844283640537
-1.411722659042173 -102.08537417115167
-1.4092208720514652 -100.75073257779914
-1.4067190850607576 -99.42449400484622
-1.40421729807005 -98.1066344007904
-1.4017155110793422 -96.7971297141294
-1.3992137240886346 -95.49595589336161
-1.396711937097927 -94.20308888698443
-1.3942101501072193 -92.91850464349594
-1.3917083631165117 -91.64217911139372
-1.3892065761258041 -90.37408823917642
-1.3867047891350963 -89.11420797534095
-1.3842030021443887 -87.86251426838575
-1.3817012151536812 -86.61898306680877
-1.3791994281629734 -85.38359031910727
-1.3766976411722658 -84.15631197377988
-1.3741958541815582 -82.93712397932387
-1.3716940671908506 -81.72600228423758
-1.3691922802001428 -80.52292283701826
-1.3666904932094353 -79.32786158616469
-1.3641887062187277 -78.14079448017378
-1.3616869192280199 -76.96169746754418
-1.3591851322373123 -75.79054649677349
-1.3566833452466047 -74.6273175163592
-1.354181558255897 -73.47198647479985
-1.3516797712651893 -72.32452932059269
-1.3491779842744818 -71.18492200223614
-1.346676197283774 -70.05314046822744
-1.3441744102930664 -68.92916066706505
-1.3416726233023588 -67.81295854724667
-1.339170836311651 -66.70451005726991
-1.3366690493209434 -65.60379114563318
-1.3341672623302359 -64.51077776083375
-1.331665475339528 -63.425445851369915
-1.3291636883488205 -62.34777136573928
-1.326661901358113 -61.27773025243991
-1.324160114367405 -60.215298459969404
-1.3216583273766975 -59.16045193682609
-1.31915654038599 -58.113166631507454
-1.3166547533952822 -57.07341849251145
-1.3141529664045746 -56.041183468336015
-1.311651179413867 -55.016437507479225
-1.3091493924231594 -53.999156558438614
-1.3066476054324516 -52.98931656971192
-1.304145818441744 -51.98689348979741
-1.3016440314510365 -50.99186326719283
-1.2991422444603287 -50.00420185039599
-1.296640457469621 -49.02388518790477
-1.2941386704789135 -48.0508892282171
-1.2916368834882057 -47.08518991983084
-1.2891350964974981 -46.1267632112438
-1.2866333095067906 -45.175585050954055
-1.2841315225160828 -44.23163138745912
-1.2816297355253752 -43.29487816925712
-1.2791279485346676 -42.36530134484585
-1.2766261615439598 -41.44287686272335
-1.2741243745532522 -40.52758067138711
-1.2716225875625446 -39.61938871933543
-1.2691208005718368 -38.71827695506582
-1.2666190135811293 -37.82422132707643
-1.2641172265904217 -36.937197783865
-1.261615439599714 -36.05718227392936
-1.2591136526090063 -35.18415074576748
-1.2566118656182987 -34.31807914787714
-1.254110078627591 -33.4589434287563
-1.2516082916368834 -32.60671953690289
-1.2491065046461758 -31.76138342081464
-1.2466047176554682 -30.922911028989546
-1.2441029306647604 -30.091278309925116
-1.2416011436740528 -29.266461212119737
-1.2390993566833453 -28.448435684071086
-1.2365975696926375 -27.637177674276813
-1.2340957827019299 -26.83266313123508
-1.2315939957112223 -26.03486800344365
-1.2290922087205145 -25.243768239400367
-1.226590421729807 -24.45933978760317
-1.2240886347390993 -23.681558596549905
-1.2215868477483915 -22.91040061473842
-1.219085060757684 -22.14584179066665
-1.2165832737669764 -21.387858072832444
-1.2140814867762686 -20.63642540973356
-1.211579699785561 -19.89151974986794
-1.2090779127948534 -19.153117041733566
-1.2065761258041456 -18.421193233828177
-1.204074338813438 -17.695724274649706
-1.2015725518227305 -16.976686112695887
-1.1990707648320227 -16.26405469646474
-1.196568977841315 -15.557805974454254
-1.1940671908506075 -14.857915895161966
-1.1915654038598997 -14.164360407086008
-1.1890636168691922 -13.477115458724285
-1.1865618298784846 -12.796156998574475
-1.184060042887777 -12.12146097513451
-1.1815582558970692 -11.453003336902299
-1.1790564689063616 -10.790760032375715
-1.176554681915654 -10.134707010052551
-1.1740528949249462 -9.484820218430855
-1.1715511079342387 -8.841075606008332
-1.169049320943531 -8.203449121282915
-1.1665475339528233 -7.571916712752454
-1.1640457469621157 -6.946454328914882
-1.1615439599714081 -6.3270379182679335
-1.1590421729807003 -5.713643429309627
-1.1565403859899928 -5.106246810537783
-1.1540385989992852 -4.50482401045025
-1.1515368120085774 -3.9093509775448467
-1.1490350250178698 -3.3198036603196215
-1.1465332380271622 -2.736158007272394
-1.1440314510364544 -2.158389966900785
-1.1415296640457469 -1.5864754877030691
-1.1390278770550393 -1.0203905181768107
-1.1365260900643315 -0.46011100681997164
-1.134024303073624 0.09438709786957133
-1.1315225160829163 0.643127847393913
-1.1290207290922085 1.1861352932551767
-1.126518942101501 1.7234334869555994
-1.1240171551107934 2.2550464799971905
-1.1215153681200858 2.7809983238820735
-1.119013581129378 3.3013130701125704
-1.1165117941386704 3.8160147701905203
-1.1140100071479628 4.3251274756181886
-1.111508220157255 4.828675237897784
-1.1090064331665475 5.326682108531315
-1.1065046461758399 5.819172139021077
-1.104002859185132 6.306169380868937
-1.1015010721944245 6.7876978855772165
-1.098999285203717 7.263781704647954
-1.0964974982130091 7.734444889583358
-1.0939957112223015 8.199711491885438
-1.091493924231594 8.65960556305646
-1.0889921372408862 9.114151154598602
-1.0864903502501786 9.563372318013705
-1.083988563259471 10.007293104804177
-1.0814867762687632 10.445937566472054
-1.0789849892780556 10.87932975451929
-1.076483202287348 11.307493720448264
-1.0739814152966403 11.73045351576107
-1.0714796283059327 12.148233191959775
-1.068977841315225 12.560856800546475
-1.0664760543245173 12.968348393023405
-1.0639742673338097 13.370732020892575
-1.0614724803431022 13.768031735656223
-1.0589706933523946 14.160271588816244
-1.0564689063616868 14.547475631875074
-1.0539671193709792 14.929667916334665
-1.0514653323802716 15.306872493697284
-1.0489635453895638 15.679113415464968
-1.0464617583988562 16.04641473313967
-1.0439599714081487 16.408800498223883
-1.0414581844174409 16.766294762219502
-1.0389563974267333 17.11892157662865
-1.0364546104360257 17.46670499295351
-1.033952823445318 17.809669062696173
-1.0314510364546103 18.14783783735882
-1.0289492494639028 18.481235368443606
-1.026447462473195 18.80988570745251
-1.0239456754824874 19.13381290588788
-1.0214438884917798 19.453041015251586
-1.018942101501072 19.767594087046035
-1.0164403145103644 20.07749617277318
-1.0139385275196569 20.38277132393509
-1.011436740528949 20.68344359203408
-1.0089349535382415 20.979537028572167
-1.006433166547534 21.2710756850515
-1.003931379556826 21.5580836129742
-1.0014295925661185 21.84058486384245
-0.9989278055754109 22.11860348915826
-0.9964260185847031 22.392163540423837
-0.9939242315939956 22.661289069141333
-0.991422444603288 22.926004126812813
-0.9889206576125804 23.18633276494043
-0.9864188706218726 23.442299035026366
-0.983917083631165 23.693926988572628
-0.9814152966404575 23.94124067708148
-0.9789135096497497 24.18426415205502
-0.9764117226590421 24.423021464995344
-0.9739099356683345 24.657536667404486
-0.9714081486776267 24.88783381078474
-0.9689063616869191 25.11393694663812
-0.9664045746962115 25.3358701264668
-0.9639027877055037 25.55365740177291
-0.9614010007147962 25.767322824058652
-0.9588992137240886 25.97689044482601
-0.9563974267333808 26.182384315577195
-0.9538956397426732 26.383828487814384
-0.9513938527519656 26.581247013039587
-0.9488920657612578 26.774663942754927
-0.9463902787705503 26.96410332846267
-0.9438884917798427 27.149589221664797
-0.9413867047891349 27.331145673863517
-0.9388849177984273 27.50879673656101
-0.9363831308077197 27.682566461259313
-0.9338813438170119 27.852478899460635
-0.9313795568263044 28.018558102667015
-0.9288777698355968 28.180828122380632
-0.9263759828448892 28.339313010103524
-0.9238741958541814 28.494036817337985
-0.9213724088634738 28.645023595585997
-0.9188706218727662 28.792297396349795
-0.9163688348820584 28.93588227113142
-0.9138670478913509 29.075802271433048
-0.9113652609006433 29.212081448756805
-0.9088634739099355 29.344743854604843
-0.9063616869192279 29.473813540479256
-0.9038598999285203 29.59931455788208
-0.9013581129378125 29.721270958315642
-0.898856325947105 29.839706793281948
-0.8963545389563974 29.954646114283122
-0.8938527519656896 30.066112972821372
-0.891350964974982 30.174131420398737
-0.8888491779842744 30.27872550851737
-0.8863473909935666 30.379919288679446
-0.883845604002859 30.477736812387036
-0.8813438170121515 30.572202131142205
-0.8788420300214437 30.663339296447333
-0.8763402430307361 30.751172359804258
-0.8738384560400285 30.835725372715302
-0.8713366690493207 30.917022386682447
-0.8688348820586131 30.995087453207987
-0.8663330950679056 31.06994462379393
-0.863831308077198 31.1416179499424
-0.8613295210864902 31.21013148315555
-0.8588277340957826 31.27550927493556
-0.856325947105075 31.337775376784492
-0.8538241601143672 31.396953840204503
-0.8513223731236597 31.453068716697743
-0.8488205861329521 31.506144057766335
-0.8463187991422443 31.556203914912373
-0.8438170121515367 31.603272339637925
-0.8413152251608291 31.647373383445284
-0.8388134381701213 31.68853109783643
-0.8363116511794138 31.726769534313632
-0.8338098641887062 31.762112744378783
-0.8313080771979984 31.79458477953426
-0.8288062902072908 31.824209691282164
-0.8263045032165832 31.8510115311245
-0.8238027162258754 31.87501435056342
-0.8213009292351678 31.896242201101103
-0.8187991422444603 31.914719134239732
-0.8162973552537525 31.93046920148123
-0.8137955682630449 31.94351645432792
-0.8112937812723373 31.953884944281896
-0.8087919942816295 31.961598722845252
-0.8062902072909219 31.966681841520057
-0.8037884203002144 31.969158351808574
-0.8012866333095068 31.969052305212898
-0.798784846318799 31.96638775323501
-0.7962830593280914 31.96118874737718
-0.7937812723373838 31.953479339141552
-0.791279485346676 31.94328358003017
-0.7887776983559684 31.93062552154521
-0.7862759113652609 31.915529215188798
-0.7837741243745531 31.898018712463056
-0.7812723373838455 31.878118064870165
-0.7787705503931379 31.855851323912134
-0.7762687634024301 31.83124254109117
-0.7737669764117225 31.804315767909415
-0.771265189421015 31.77509505586896
-0.7687634024303072 31.743604456471914
-0.7662616154395996 31.70986802122043
-0.763759828448892 31.673909801616702
-0.7612580414581842 31.635753849162768
-0.7587562544674766 31.59542421536078
-0.756254467476769 31.552944951712902
-0.7537526804860613 31.508340109721203
-0.7512508934953537 31.46163374088789
-0.7487491065046461 31.412849896715016
-0.7462473195139383 31.362012628704733
-0.7437455325232307 31.309145988359134
-0.7412437455325231 31.254274027180458
-0.7387419585418153 31.197420796670713
-0.7362401715511078 31.138610348332122
-0.7337383845604002 31.077866733666752
-0.7312365975696926 31.015214004176727
-0.7287348105789848 30.950676211364197
-0.7262330235882772 30.88427740673133
-0.7237312365975697 30.816041641780174
-0.7212294496068619 30.745992968012928
-0.7187276626161543 30.674155436931642
-0.7162258756254467 30.600553100038525
-0.7137240886347389 30.525210008835685
-0.7112223016440313 30.44815021482522
-0.7087205146533238 30.36939776950929
-0.706218727662616 30.28897672439001
-0.7037169406719084 30.206911130969516
-0.7012151536812008 30.123225040749873
-0.698713366690493 30.037942505233318
-0.6962115796997854 29.951087575921875
-0.6937097927090778 29.862684304317767
-0.69120800571837 29.77275674192306
-0.6887062187276625 29.681328940239922
-0.6862044317369549 29.588424950770474
-0.6837026447462471 29.494068825016782
-0.6812008577555395 29.398284614481057
-0.6786990707648319 29.30109637066539
-0.6761972837741241 29.20252814507191
-0.6736954967834166 29.10260398920275
-0.671193709792709 29.001347954560046
-0.6686919228020014 28.898784092645926
-0.6661901358112936 28.794936454962453
-0.663688348820586 28.689829093011866
-0.6611865618298784 28.583486058296245
-0.6586847748391707 28.47593140231767
-0.6561829878484631 28.367189176578293
-0.6536812008577555 28.25728343258031
-0.6511794138670477 28.14623822182581
-0.6486776268763401 28.034077595816896
-0.6461758398856325 27.92082560605573
-0.6436740528949247 27.80650630404439
-0.6411722659042172 27.69114374128506
-0.6386704789135096 27.574761969279834
-0.6361686919228018 27.45738503953085
-0.6336669049320942 27.339037003540255
-0.6311651179413866 27.219741912810136
-0.6286633309506788 27.09952381884264
-0.6261615439599713 26.978406773139923
-0.6236597569692637 26.856414827204105
-0.6211579699785559 26.73357203253731
-0.6186561829878483 26.609902440641648
-0.6161543959971407 26.485430103019226
-0.6136526090064329 26.360179071172197
-0.6111508220157253 26.234173396602742
-0.6086490350250178 26.107437130812926
-0.6061472480343102 25.979994325304872
-0.6036454610436024 25.85186903158076
-0.6011436740528948 25.723085301142703
-0.5986418870621872 25.593667185492777
-0.5961401000714794 25.46363873613315
-0.5936383130807719 25.333024004565985
-0.5911365260900643 25.201847042293352
-0.5886347390993565 25.0701319008174
-0.5861329521086489 24.93790263164027
-0.5836311651179413 24.805183286264082
-0.5811293781272335 24.671997916190946
-0.578627591136526 24.538370572922986
-0.5761258041458184 24.40432530796241
-0.5736240171551106 24.26988617281124
-0.571122230164403 24.135077218971688
-0.5686204431736954 23.999922497945818
-0.5661186561829876 23.864446061235782
-0.56361686919228 23.728671960343746
-0.5611150822015725 23.592624246771777
-0.5586132952108647 23.456326972022055
-0.5561115082201571 23.31980418759666
-0.5536097212294495 23.183079944997772
-0.5511079342387417 23.046178295727472
-0.5486061472480341 22.909123291287926
-0.5461043602573266 22.771938983181215
-0.543602573266619 22.634649422909533
-0.5411007862759112 22.49727866197496
-0.5385989992852036 22.359850751879634
-0.536097212294496 22.222389744125692
-0.5335954253037882 22.084919690215273
-0.5310936383130807 21.947464641650484
-0.5285918513223731 21.810048649933435
-0.5260900643316653 21.672695766566264
-0.5235882773409577 21.535430043051164
-0.5210864903502501 21.39827553089019
-0.5185847033595423 21.261256281585474
-0.5160829163688347 21.1243963466392
-0.5135811293781272 20.987719777553437
-0.5110793423874194 20.851250625830346
-0.5085775553967118 20.715012942972052
-0.5060757684060042 20.579030780480664
-0.5035739814152964 20.443328189858335
-0.5010721944245888 20.30792922260717
-0.49857040743388126 20.17285793022934
-0.49606862044317346 20.03813836422691
-0.4935668334524661 19.903794576102072
-0.4910650464617583 19.76985061735688
-0.4885632594710505 19.636330539493528
-0.48606147248034315 19.50325839401414
-0.48355968548963535 19.370658232420794
-0.48105789849892755 19.238554106215688
-0.4785561115082202 19.106970066900914
-0.4760543245175124 18.975930165978568
-0.4735525375268046 18.8454584549508
-0.47105075053609724 18.715578985319794
-0.46854896354538944 18.5863158085876
-0.46604717655468164 18.45769297625639
-0.4635453895639743 18.329734539828294
-0.4610436025732665 18.202464550805416
-0.4585418155825587 18.075907060689907
-0.45604002859185133 17.950086120983876
-0.45353824160114353 17.82502578318946
-0.45103645461043573 17.700750098808776
-0.4485346676197284 17.577283119344003
-0.4460328806290206 17.4546488962972
-0.4435310936383128 17.332871481170514
-0.4410293066476054 17.211974925466123
-0.4385275196568976 17.091983280686087
-0.4360257326661898 16.97292059833257
-0.43352394567548247 16.854810929907714
-0.43102215868477467 16.73767832691361
-0.42852037169406687 16.621546840852403
-0.4260185847033595 16.506440523226246
-0.4235167977126517 16.392383425537226
-0.4210150107219439 16.279399599287473
-0.41851322373123656 16.167513095979174
-0.41601143674052876 16.05674796711439
-0.41350964974982096 15.947128264195271
-0.4110078627591136 15.838678038723998
-0.4085060757684058 15.731421342202594
-0.406004288777698 15.625382226133262
-0.40350250178699065 15.520584742018116
-0.40100071479628285 15.417052941359287
-0.39849892780557505 15.314810875658878
-0.3959971408148677 15.213882596419054
-0.3934953538241599 15.11429215514194
-0.3909935668334521 15.016063603329613
-0.38849177984274474 14.919220992484284
-0.38598999285203694 14.823788374107998
-0.3834882058613296 14.729789799702957
-0.3809864188706218 14.637249320771225
-0.378484631879914 14.54619098881495
-0.37598284488920664 14.456638855336301
-0.37348105789849884 14.368616971837369
-0.37097927090779104 14.282149389820276
-0.3684774839170837 14.197260160787181
-0.3659756969263759 14.113973336240178
-0.3634739099356681 14.032312967681413
-0.3609721229449607 13.95230310661303
-0.3584703359542529 13.873967804537124
-0.35596854896354513 13.797331112955845
-0.3534667619728378 13.722417083371312
-0.35096497498213 13.649249767285667
-0.3484631879914222 13.577853216201014
-0.3459614010007148 13.508251481619524
-0.343459614010007 13.440468615043272
-0.3409578270192992 13.37452866797441
-0.33845604002859186 13.310455691915088
-0.33595425303788407 13.248273738367395
-0.33345246604717627 13.188006858833504
-0.3309506790564689 13.129679104815509
-0.3284488920657611 13.07331452781554
-0.3259471050750533 13.018937179335737
-0.32344531808434596 12.966571110878235
-0.32094353109363816 12.916240373945136
-0.31844174410293036 12.867969020038593
-0.315939957112223 12.82178110066073
-0.3134381701215152 12.77770066731366
-0.3109363831308074 12.73575177149953
-0.30843459614010005 12.69595846472047
-0.30593280914939225 12.658344798478584
-0.30343102215868445 12.622934824276019
-0.3009292351679771 12.589752593614907
-0.2984274481772693 12.558822157997373
-0.2959256611865615 12.530167568925528
-0.29342387419585414 12.503812877901524
-0.29092208720514634 12.479782136427481
-0.28842030021443854 12.458099396005519
-0.2859185132237312 12.438788708137778
-0.2834167262330234 12.42187412432638
-0.2809149392423156 12.407379696073459
-0.27841315225160823 12.395329474881137
-0.27591136526090043 12.385747512251541
-0.27340957827019263 12.378657859686808
-0.2709077912794853 12.374084568689064
-0.2684060042887775 12.37205169076043
-0.2659042172980697 12.372583277403049
-0.2634024303073623 12.37570338011902
-0.2609006433166545 12.381436050410514
-0.2583988563259467 12.38980533977962
-0.25589706933523937 12.400835299728492
-0.25339528234453157 12.414549981759247
-0.2508934953538242 12.430973437374014
-0.24839170836311641 12.450129718074923
-0.24588992137240862 12.47204287536411
-0.24338813438170126 12.49673696074369
-0.24088634739099346 12.524236025715794
-0.23838456040028566 12.554564121782558
-0.2358827734095783 12.587745300446102
-0.2333809864188705 12.623803613208562
-0.2308791994281627 12.662763111572069
-0.22837741243745535 12.704647847038729
-0.22587562544674755 12.749481871110703
-0.22337383845603975 12.797289235290094
-0.2208720514653324 12.84809399107904
-0.2183702644746246 12.90192018997967
-0.2158684774839168 12.958791883494111
-0.21336669049320944 13.018733123124484
-0.21086490350250164 13.08176796037294
-0.20836311651179384 13.147920446741587
-0.2058613295210865 13.217214633732542
-0.2033595425303787 13.289674572847968
-0.2008577555396709 13.365324315589973
-0.19835596854896353 13.444187913460674
-0.19585418155825574 13.526289417962232
-0.19335239456754794 13.61165288059675
-0.19085060757684058 13.700302352866355
-0.18834882058613278 13.792261886273195
-0.18584703359542498 13.887555532319382
-0.18334524660471763 13.986207342507036
-0.18084345961400983 14.088241368338316
-0.17834167262330203 14.193681661315335
-0.17583988563259467 14.302552272940197
-0.17333809864188687 14.414877254715073
-0.17083631165117907 14.530680658142067
-0.16833452466047172 14.649986534723297
-0.16583273766976392 14.77281893596092
-0.16333095067905612 14.899201913357054
-0.16082916368834876 15.029159518413799
-0.15832737669764096 15.162715802633329
-0.15582558970693317 15.299894817517753
-0.1533238027162258 15.440720614569177
-0.150822015725518 15.585217245289769
-0.1483202287348102 15.733408761181643
-0.14581844174410286 15.885319213746886
-0.14331665475339506 16.040972654487703
-0.14081486776268726 16.20039313490618
-0.1383130807719799 16.363604706504407
-0.1358112937812721 16.530631420784594
-0.1333095067905643 16.701497329248824
-0.13080771979985695 16.876226483399197
-0.12830593280914915 17.05484293473791
-0.1258041458184418 17.237370734767023
-0.123302358827734 17.423833934988725
-0.1208005718370262 17.61425658690512
-0.11829878484631884 17.8086627420183
-0.11579699785561104 18.007076451830454
-0.11329521086490324 18.209521767843686
-0.11079342387419588 18.416022741560084
-0.10829163688348808 18.62660342448185
-0.10578984989278029 18.841287868111078
-0.10328806290207293 19.06010012394985
-0.10078627591136513 19.283064243500384
-0.09828448892065733 19.51020427826476
-0.09578270192994998 19.741544279745067
-0.09328091493924218 19.97710829944352
-0.09077912794853438 20.2169203888622
-0.08827734095782702 20.461004599503195
-0.08577555396711922 20.70938498286872
-0.08327376697641142 20.96208559046086
-0.08077197998570407 21.219130473781696
-0.07827019299499627 21.480543684333455
-0.07576840600428847 21.746349273618208
-0.07326661901358111 22.016571293138046
-0.07076483202287331 22.291233794395186
-0.06826304503216551 22.570360828891715
-0.06576125804145816 22.853976448129703
-0.06325947105075036 23.142104703611384
-0.06075768406004256 23.434769646838838
-0.058255897069335205 23.731995329314138
-0.055754110078627406 24.033805802539515
-0.053252323087919606 24.34022511801705
-0.05075053609721225 24.651277327248813
-0.04824874910650445 24.966986481737045
-0.04574696211579665 25.287376632983815
-0.0432451751250893 25.612471832491195
-0.0407433881343815 25.942296131761434
-0.0382416011436737 26.276873582296595
-0.03573981415296634 26.616228235598754
-0.03323802716225854 26.960384143170153
-0.030736240171550744 27.309365356512863
-0.02823445318084339 27.663195927128953
-0.02573266619013559 28.021899906520673
-0.02323087919942779 28.385501346190086
-0.020729092208720434 28.75402429763926
-0.018227305218012635 29.12749281237045
-0.015725518227304836 29.505930941885723
-0.01322373123659748 29.889362737687136
-0.01072194424588968 30.277812251276956
-0.008220157255181881 30.671303534157243
-0.005718370264474526 31.069860637830054
-0.0032165832737667266 31.473507613797658
-0.0007147962830593713 31.88226851356204
0.0017869907076484282 32.29616738862548
0.004288777698356228 32.71522829049002
0.006790564689063583 33.13947527065772
0.009292351679771382 33.56893238063087
0.011794138670479182 34.003623671911505
0.014295925661186537 34.44357319600169
0.016797712651894336 34.88880500440369
0.019299499642602136 35.339343148619584
0.02180128663330949 35.7952116801514
0.02430307362401729 36.256434650501426
0.02680486061472509 36.72303611117172
0.029306647605432445 37.19504011366433
0.031808434596140245 37.67247070948153
0.034310221586848044 38.155351950125386
0.0368120085775554 38.64370788709793
0.0393137955682632 39.13756257190147
0.041815582558971 39.636940056038036
0.044317369549678354 40.14186439100968
0.04681915654038615 40.652359628318706
0.04932094353109395 41.16844981946715
0.05182273052180131 41.69015901595704
0.05432451751250911 42.21751126929071
0.05682630450321691 42.75053063097018
0.05932809149392426 43.28924115249749
0.06182987848463206 43.83366688537495
0.06433166547533986 44.3838318811046
0.06683345246604722 44.93976019118847
0.06933523945675502 45.50147586712889
0.07183702644746282 46.06900296042788
0.07433881343817017 46.64236552258747
0.07684060042887797 47.22158760510999
0.07934238741958577 47.80669325949748
0.08184417441029312 48.39770653725194
0.08434596140100092 48.99465148987573
0.08684774839170872 49.59755216887086
0.08934953538241608 50.20643262573935
0.09185132237312388 50.82131691198356
0.09435310936383168 51.4422290791055
0.09685489635453903 52.06919317860718
0.09935668334524683 52.70223326199096
0.10185847033595463 53.34137338075885
0.10436025732666199 53.98663758641288
0.10686204431736979 54.638049930455395
0.10936383130807759 55.2956344643884
0.11186561829878494 55.95941523971392
0.11436740528949274 56.629416307934314
0.11686919228020054 57.3056617205516
0.1193709792709079 57.98817552906777
0.1218727662616157 58.6769817849852
0.1243745532523235 59.3721045398059
0.12687634024303085 60.07356784503189
0.12937812723373865 60.781395752165515
0.131879914224446 61.49561231270867
0.1343817012151538 62.216241578163746
0.1368834882058616 62.943307600032725
0.13938527519656896 63.67683442981762
0.14188706218727676 64.41684611902082
0.14438884917798456 65.16336671914429
0.1468906361686919 65.91642028169008
0.1493924231593997 66.67603085816054
0.1518942101501075 67.4422225000577
0.15439599714081487 68.21501925888352
0.15689778413152267 68.99444518614041
0.15939957112223047 69.78052433333039
0.16190135811293782 70.57328075195541
0.16440314510364562 71.37273849351789
0.16690493209435342 72.17892160951983
0.16940671908506078 72.9918541514632
0.17190850607576857 73.81156017085044
0.17441029306647637 74.6380637191835
0.17691208005718373 75.47138884796439
0.17941386704789153 76.31155960869552
0.18191565403859933 77.15860005287887
0.18441744102930668 78.0125342320164
0.18691922802001448 78.8733861976106
0.18942101501072228 79.74118000116339
0.19192280200142964 80.61593969417676
0.19442458899213744 81.49768932815314
0.19692637598284524 82.38645295459453
0.1994281629735526 83.28225462500288
0.2019299499642604 84.18511839088063
0.2044317369549682 85.09506830372978
0.20693352394567555 86.01212841505225
0.20943531093638335 86.93632277635052
0.21193709792709114 87.86767543912656
0.2144388849177985 88.80621045488232
0.2169406719085063 89.75195187512027
0.2194424588992141 90.70492375134236
0.22194424588992145 91.66515013505057
0.22444603288062925 92.63265507774736
0.22694781987133705 93.60746263093466
0.2294496068620444 94.58959684611446
0.2319513938527522 95.57908177478923
0.23445318084346 96.57594146846091
0.23695496783416736 97.58019997863147
0.23945675482487516 98.59188135680338
0.24195854181558296 99.6110096544786
0.24446032880629032 100.63760892315905
0.24696211579699812 101.67170321434725
0.24946390278770592 102.71331657954514
0.25196568977841327 103.76247307025467
0.25446747676912107 104.81919673797833
0.2569692637598284 105.88351163421787
0.2594710507505362 106.9554418104758
0.261972837741244 108.03501131825405
0.2644746247319514 109.1222442090546
0.2669764117226592 110.21716453437989
0.269478198713367 111.31979634573193
0.27197998570407433 112.43016369461259
0.27448177269478213 113.54829063252444
0.27698355968548993 114.67420121096939
0.2794853466761973 115.80791948144935
0.2819871336669051 116.94946949546689
0.2844889206576129 118.09887530452389
0.28699070764832024 119.25616096012233
0.28949249463902804 120.42135051376471
0.29199428162973584 121.59446801695296
0.2944960686204432 122.775537521189
0.296997855611151 123.96458307797536
0.2994996426018588 125.16162873881399
0.30200142959256615 126.3666985552068
0.30450321658327395 127.5798165786563
0.30700500357398175 128.80100686066447
0.3095067905646891 130.0302934527332
0.3120085775553969 131.26770040636504
0.3145103645461047 132.5132517730619
0.31701215153681206 133.7669716043257
0.31951393852751986 135.028883951659
0.32201572551822766 136.29901286656371
0.324517512508935 137.57738240054175
0.3270192994996428 138.86401660509569
0.3295210864903506 140.1589395317274
0.33202287348105797 141.46217523193883
0.33452466047176577 142.7737477572325
0.33702644746247357 144.0936811591104
0.3395282344531809 145.42199948907432
0.3420300214438887 146.75872679862698
0.3445318084345965 148.10388713927017
0.3470335954253039 149.45750456250585
0.3495353824160117 150.81960311983656
0.3520371694067195 152.19020686276423
0.35453895639742683 153.56933984279073
0.35704074338813463 154.95702611141868
0.35954253037884243 156.35328972014997
0.3620443173695498 157.7581547204865
0.3645461043602576 159.17164516393086
0.3670478913509654 160.59378510198493
0.36954967834167274 162.0245985861506
0.37205146533238054 163.46410966793053
0.37455325232308834 164.91234239882652
0.3770550393137957 166.36932083034054
0.3795568263045035 167.83506901397516
0.38205861329521085 169.309611001232
0.38456040028591865 170.79297084361374
0.38706218727662645 172.28517259262222
0.3895639742673338 173.7862402997593
0.3920657612580416 175.29619801652768
0.3945675482487494 176.81506979442918
0.39706933523945676 178.34287968496568
0.39957112223016455 179.87965173963983
0.40207290922087235 181.4254100099535
0.4045746962115797 182.98017854740857
0.4070764832022875 184.54398140350764
0.4095782701929953 186.11684262975265
0.41208005718370266 187.6987862776454
0.41458184417441046 189.2898363986886
0.41708363116511826 190.8900170443841
0.4195854181558256 192.49935226623373
0.4220872051465334 194.11786611574018
0.4245889921372412 195.74558264440532
0.42709077912794857 197.38252590373094
0.42959256611865637 199.02871994521982
0.43209435310936417 200.68418882037372
0.4345961401000715 202.34895658069456
0.4370979270907793 204.023047277685
0.4395997140814871 205.70648496284687
0.4421015010721945 207.39929368768202
0.4446032880629023 209.10149750369317
0.4471050750536101 210.81312046238216
0.44960686204431743 212.5341866152508
0.45210864903502523 214.26472001380185
0.45461043602573303 216.00474470953708
0.4571122230164404 217.75428475395836
0.4596140100071482 219.51336419856844
0.462115796997856 221.28200709486907
0.46461758398856334 223.06023749436218
0.46711937097927114 224.84807944855038
0.46962115796997894 226.64555700893567
0.4721229449606863 228.45269422701966
0.4746247319513941 230.26951515430528
0.4771265189421019 232.09604384229425
0.47962830593280925 233.93230434248838
0.48213009292351705 235.77832070639047
0.48463187991422485 237.63411698550232
0.4871336669049322 239.49971723132575
0.48963545389564 241.37514549536348
0.4921372408863478 243.26042582911734
0.49463902787705516 245.15558228408918
0.49714081486776296 247.06063891178172
0.49964260185847076 248.97561976369684
0.5021443888491781 250.9005488913362
0.5046461758398859 252.83545034620272
0.5071479628305937 254.78034817979815
0.5096497498213011 256.73526644362425
0.5121515368120089 258.7002291891839
0.5146533238027162 260.6752604679785
0.517155110793424 262.66038433151084
0.5196568977841318 264.6556248312828
0.5221586847748392 266.661006018796
0.524660471765547 268.6765519455534
0.5271622587562548 270.7022866630567
0.5296640457469621 272.7382342228078
0.5321658327376699 274.78441867630943
0.5346676197283777 276.84086407506334
0.5371694067190851 278.9075944705713
0.5396711937097929 280.9846339143363
0.5421729807005007 283.07200645785997
0.544674767691208 285.16973615264413
0.5471765546819158 287.2778470501916
0.5496783416726236 289.3963632020042
0.552180128663331 291.52530865958363
0.5546819156540388 293.6647074744327
0.5571837026447466 295.81458369805335
0.559685489635454 297.9749613819472
0.5621872766261617 300.14586457761715
0.5646890636168695 302.327317336565
0.5671908506075769 304.51934371029245
0.5696926375982847 306.7219677503024
0.5721944245889925 308.9352135080966
0.5746962115796999 311.15910503517676
0.5771979985704077 313.3936663830458
0.5796997855611155 315.6389216032055
0.5822015725518228 317.89489474715754
0.5847033595425306 320.161609866405
0.5872051465332384 322.43909101244935
0.5897069335239458 324.7273622367925
0.5922087205146536 327.02644759093727
0.5947105075053614 329.33637112638553
0.5972122944960687 331.65715689463883
0.5997140814867765 333.9888289472002
0.6022158684774843 336.33141133557143
0.6047176554681917 338.6849281112541
0.6072194424588995 341.0494033257513
0.6097212294496073 343.4248610305646
0.6122230164403146 345.8113252771958
0.6147248034310224 348.2088201171479
0.6172265904217302 350.6173696019225
0.6197283774124376 353.03699778302143
0.6222301644031454 355.4677287119476
0.6247319513938532 357.9095864402026
0.6272337383845605 360.3625950192884
0.6297355253752683 362.82677850070775
0.6322373123659761 365.30216093596243
0.6347390993566835 367.7887663765541
0.6372408863473913 370.28661887398584
0.6397426733380986 372.79574247975887
0.6422444603288064 375.3161612453762
0.6447462473195142 377.84789922233944
0.6472480343102216 380.39098046215037
0.6497498213009294 382.9454290163119
0.6522516082916372 385.5112689363259
0.6547533952823446 388.08852427369385
0.6572551822730524 390.67721907991887
0.6597569692637602 393.2773774065027
0.6622587562544675 395.8890233049469
0.6647605432451753 398.51218082675456
0.6672623302358831 401.14687402342736
0.6697641172265905 403.79312694646694
0.6722659042172983 406.4509636473764
0.6747676912080061 409.12040817765734
0.6772694781987134 411.8014845888114
0.6797712651894212 414.49421693234177
0.682273052180129 417.19862925975
0.6847748391708364 419.91474562253785
0.6872766261615442 422.6425900722083
0.689778413152252 425.38218666026296
0.6922802001429593 428.13355943820363
0.6947819871336671 430.8967324575333
0.6972837741243749 433.6717297697536
0.6997855611150823 436.4585754263663
0.7022873481057901 439.25729347887426
0.7047891350964979 442.06790797877943
0.7072909220872052 444.89044297758323
0.709792709077913 447.7249225267889
0.7122944960686208 450.5713706778978
0.7147962830593282 453.429811482412
0.717298070050036 456.3002689918343
0.7197998570407438 459.1827672576664
0.7223016440314511 462.07733033141
0.7248034310221589 464.9839822645681
0.7273052180128667 467.90274710864253
0.7298070050035741 470.8336489151347
0.7323087919942819 473.7767117355479
0.7348105789849897 476.73195962138357
0.737312365975697 479.69941662414357
0.7398141529664048 482.6791067953309
0.7423159399571126 485.67105418644724
0.74481772694782 488.6752828489941
0.7473195139385278 491.6918168344747
0.7498213009292356 494.72068019439075
0.752323087919943 497.76189698024376
0.7548248749106508 500.81549124353694
0.7573266619013586 503.8814870357718
0.7598284488920659 506.95990840845
0.7623302358827737 510.0507794130748
0.7648320228734815 513.1541241011477
0.7673338098641889 516.2699665241703
0.7698355968548967 519.3983307336458
0.772337383845604 522.5392407810754
0.7748391708363118 525.6927207179621
0.7773409578270196 528.8587945958075
0.779842744817727 532.0374864661135
0.7823445318084348 535.2288203803828
0.7848463187991426 538.4328203901175
0.7873481057898499 541.6495105468186
0.7898498927805577 544.87891490199
0.7923516797712655 548.121057507133
0.7948534667619729 551.3759624137489
0.7973552537526807 554.6436536733412
0.7998570407433885 557.9241553374114
0.8023588277340958 561.2174914574612
0.8048606147248036 564.5236860849936
0.8073624017155114 567.8427632715105
0.8098641887062188 571.1747470685132
0.8123659756969266 574.519661527505
0.8148677626876344 577.8775306999876
0.8173695496783417 581.2483786374623
0.8198713366690495 584.6322293914327
0.8223731236597573 588.0291070134001
0.8248749106504647 591.4390355548661
0.8273766976411725 594.8620390673341
0.8298784846318803 598.2981416023056
0.8323802716225877 601.7473672112819
0.8348820586132955 605.2097399457667
0.8373838456040033 608.6852838572613
0.8398856325947106 612.1740229972675
0.8423874195854184 615.6759814172881
0.8448892065761262 619.1911831688251
0.8473909935668336 622.7196523033798
0.8498927805575414 626.2614128724557
0.8523945675482492 629.8164889275542
0.8548963545389565 633.3849045201767
0.8573981415296643 636.9666837018269
0.8598999285203721 640.561850524006
0.8624017155110795 644.1704290382156
0.8649035025017873 647.7924432959592
0.8674052894924951 651.427917348738
0.8699070764832024 655.076875248054
0.8724088634739102 658.73934104541
0.874910650464618 662.4153387923079
0.8774124374553254 666.1048925402491
0.8799142244460332 669.8080263407369
0.882416011436741 673.5247642452729
0.8849177984274483 677.2551303053586
0.8874195854181561 680.9991485724973
0.8899213724088639 684.7568430981906
0.8924231593995713 688.52823793394
0.8949249463902791 692.3133571312487
0.8974267333809864 696.1122247416178
0.8999285203716942 699.9248648165506
0.902430307362402 703.7513014075485
0.9049320943531094 707.5915585661132
0.9074338813438172 711.4456603437479
0.909935668334525 715.3136307919542
0.9124374553252323 719.1954939622335
0.9149392423159401 723.0912739060894
0.917441029306648 727.0009946750234
0.9199428162973553 730.9246803205365
0.9224446032880631 734.8623548941326
0.9249463902787709 738.8140424473133
0.9274481772694783 742.7797670315796
0.9299499642601861 746.7595526984351
0.9324517512508939 750.7534234993815
0.9349535382416012 754.7614034859199
0.937455325232309 758.7835167095541
0.9399571122230168 762.8197872217854
0.9424588992137242 766.8702390741153
0.944960686204432 770.9348963180471
0.9474624731951398 775.0137830050826
0.9499642601858471 779.1069231867231
0.9524660471765549 783.2143409144719
0.9549678341672627 787.3360602398305
0.9574696211579701 791.4721052143005
0.9599714081486779 795.6224998893854
0.9624731951393857 799.7872683165866
0.964974982130093 803.9664345474054
0.9674767691208008 808.1600226333456
0.9699785561115086 812.3680566259083
0.972480343102216 816.5905605765951
0.9749821300929238 820.8275585369096
0.9774839170836316 825.0790745583531
0.9799857040743389 829.345132692427
0.9824874910650467 833.6257569906351
0.9849892780557545 837.9209715044785
0.9874910650464619 842.2308002854586
0.9899928520371697 846.5552673850794
0.9924946390278775 850.894396854842
0.9949964260185848 855.2482127462476
0.9974982130092926 859.6167391108
1.0000000000000004 864.0000000000008
