0.5215827338129495 -1.127539077121131
0.5138636962331155 -1.0971223021582734

0.5611510791366903 -1.1224670046510064
0.5215827338129495 -1.127539077121131

0.6007194244604315 -1.119137957788818
0.5611510791366903 -1.1224670046510064

0.6402877697841722 -1.1175189140390365
0.6007194244604315 -1.119137957788818

0.6798561151079134 -1.1175989900768792
0.6402877697841722 -1.1175189140390365

0.7194244604316542 -1.1193865967177863
0.6798561151079134 -1.1175989900768792

0.7589928057553954 -1.122907223282561
0.7194244604316542 -1.1193865967177863

0.7985611510791362 -1.1282017380444722
0.7589928057553954 -1.122907223282561

0.8106422126525015 -1.0971223021582734
0.7985611510791362 -1.1282017380444722

0.36330935251798513 -1.0931616016880594
0.3345280313649316 -1.0611510791366907

0.40287769784172633 -1.080935890752773
0.36330935251798513 -1.0931616016880594

0.44244604316546754 -1.0707342650182188
0.40287769784172633 -1.080935890752773

0.4820143884892083 -1.0624077708923947
0.44244604316546754 -1.0707342650182188

0.5138636962331156 -1.0971223021582734
0.4820143884892083 -1.0624077708923945

0.8106422126525015 -1.0971223021582734
0.8381294964028774 -1.063318735774724

0.8776978417266186 -1.0721024250012272
0.8381294964028774 -1.063318735774724

0.9172661870503593 -1.0828486559364714
0.8776978417266186 -1.0721024250012272

0.9568345323741005 -1.0956579700932623
0.9172661870503593 -1.0828486559364714

0.9923806899970521 -1.0611510791366907
0.9568345323741005 -1.0956579700932623

0.28417266187050316 -1.0510029068863285
0.26629195860554433 -1.025179856115108

0.32374100719424437 -1.035077871554975
0.28417266187050316 -1.0510029068863285

0.3345280313649316 -1.0611510791366907
0.32374100719424437 -1.035077871554975

0.9923806899970521 -1.0611510791366907
0.9964028776978413 -1.0384307601388854

1.0359712230215825 -1.0554264943918366
0.9964028776978413 -1.0384307601388854

1.0635035662091334 -1.025179856115108
1.0359712230215825 -1.0554264943918366

0.2050359712230212 -1.0172025566931497
0.17907394845574492 -0.9892086330935252

0.2446043165467624 -0.9970652967146582
0.2050359712230212 -1.0172025566931497

0.26629195860554433 -1.025179856115108
0.2446043165467624 -0.9970652967146582

1.0635035662091334 -1.025179856115108
1.0755395683453237 -1.0027323551745275

1.115107913669064 -1.024534444761691
1.0755395683453237 -1.0027323551745275

1.1535875595525742 -0.9892086330935252
1.115107913669064 -1.024534444761691

0.16546762589928043 -0.967597465053641
0.15973965400970244 -0.9532374100719425

0.17907394845574492 -0.9892086330935252
0.16546762589928043 -0.967597465053641

1.1535875595525742 -0.9892086330935252
1.1546762589928052 -0.976989454348797

1.1761342779263724 -0.9532374100719425
1.1546762589928052 -0.976989454348797

0.08633093525179847 -0.9482171453644049
0.05306558469207515 -0.9172661870503598

0.12589928057553923 -0.9207235078436558
0.08633093525179847 -0.9482171453644049

0.15973965400970247 -0.9532374100719425
0.12589928057553923 -0.9207235078436558

1.1761342779263724 -0.9532374100719425
1.1942446043165464 -0.9324280886554299

1.2065021315149786 -0.9172661870503598
1.1942446043165464 -0.9324280886554299

0.04676258992805726 -0.906578085191212
0.01942799852897448 -0.881294964028777

0.05306558469207515 -0.9172661870503598
0.04676258992805726 -0.906578085191212

1.2065021315149786 -0.9172661870503598
1.2338129496402876 -0.8911327716287137

1.2428373505391506 -0.881294964028777
1.2338129496402876 -0.8911327716287137

0.007194244604316502 -0.8682284111477413
-0.018804367905548323 -0.8453237410071943

0.019427998528974484 -0.881294964028777
0.007194244604316502 -0.8682284111477413

1.2428373505391506 -0.881294964028777
1.2733812949640289 -0.8535047986993196

1.2839092352192878 -0.8453237410071943
1.2733812949640289 -0.8535047986993196

-0.0323741007194247 -0.8335267888249456
-0.06089191565161439 -0.8093525179856116

-0.01880436790554832 -0.8453237410071943
-0.0323741007194247 -0.8335267888249456

1.2839092352192878 -0.8453237410071943
1.3129496402877692 -0.8200907766962345

1.3288811409647292 -0.8093525179856116
1.3129496402877692 -0.8200907766962345

-0.07194244604316591 -0.8030426182111486
-0.10621768241939417 -0.7733812949640289

-0.06089191565161439 -0.8093525179856116
-0.07194244604316591 -0.8030426182111486

1.3288811409647292 -0.8093525179856116
1.3525179856115104 -0.7916189162853502

1.377174402339742 -0.7733812949640289
1.3525179856115104 -0.7916189162853502

-0.10621768241939418 -0.7733812949640289
-0.07540679025513226 -0.7374100719424461

1.377174402339742 -0.7733812949640289
1.3920863309352516 -0.7690492402777191

1.4283836642014607 -0.7374100719424461
1.3920863309352516 -0.7690492402777191

-0.11151079136690667 -0.7053811660219814
-0.1265780385715812 -0.7014388489208634

-0.07540679025513226 -0.7374100719424461
-0.11151079136690667 -0.7053811660219814

1.4283836642014607 -0.7374100719424461
1.4029106708829369 -0.7014388489208634

-0.15107913669064787 -0.6851563458672493
-0.1797504704132033 -0.6654676258992807

-0.12657803857158123 -0.7014388489208634
-0.15107913669064787 -0.6851563458672493

1.4029106708829369 -0.7014388489208634
1.4316546762589928 -0.6820608664704934

1.458863066717354 -0.6654676258992807
1.4316546762589928 -0.6820608664704934

-0.1797504704132033 -0.6654676258992807
-0.15582994954880902 -0.6294964028776979

1.458863066717354 -0.6654676258992807
1.4377562958401067 -0.6294964028776979

-0.19064748201438864 -0.6006116803720861
-0.2132325265521125 -0.5935251798561152

-0.15582994954880902 -0.6294964028776979
-0.19064748201438864 -0.6006116803720861

1.4377562958401067 -0.6294964028776979
1.471223021582733 -0.6047773337968061

1.4975811870364921 -0.5935251798561152
1.471223021582733 -0.6047773337968061

-0.2132325265521125 -0.5935251798561152
-0.19292840272109213 -0.5575539568345325

1.4975811870364921 -0.5935251798561152
1.480032812022461 -0.5575539568345325

-0.23021582733812984 -0.5256095751826303
-0.253786310425494 -0.5215827338129497

-0.19292840272109213 -0.5575539568345325
-0.23021582733812984 -0.5256095751826303

1.480032812022461 -0.5575539568345325
1.5107913669064743 -0.5413518574765744

1.5431954024553063 -0.5215827338129497
1.5107913669064743 -0.5413518574765744

-0.253786310425494 -0.5215827338129497
-0.23683008552302795 -0.485611510791367

1.5431954024553063 -0.5215827338129497
1.5286339880110276 -0.485611510791367

-0.2697841726618706 -0.46416683146585425
-0.30058379350963327 -0.4496402877697845

-0.23683008552302795 -0.485611510791367
-0.2697841726618706 -0.46416683146585425

1.5286339880110276 -0.485611510791367
1.5155590347853936 -0.4496402877697845

-0.30058379350963327 -0.4496402877697845
-0.2866380939844086 -0.41366906474820153

1.5155590347853936 -0.4496402877697845
1.5503597122302155 -0.42812915874634383

1.5828308679004421 -0.41366906474820153
1.5503597122302155 -0.42812915874634383

-0.2866380939844086 -0.41366906474820153
-0.2739766804112001 -0.3776978417266186

1.5828308679004421 -0.41366906474820153
1.572153531684473 -0.3776978417266186

-0.3093525179856118 -0.3545003827760829
-0.3418262360339492 -0.34172661870503607

-0.2739766804112001 -0.3776978417266186
-0.3093525179856118 -0.3545003827760829

1.572153531684473 -0.3776978417266186
1.5626959586010458 -0.34172661870503607

-0.3418262360339492 -0.34172661870503607
-0.3317824097189724 -0.30575539568345356

1.5626959586010458 -0.34172661870503607
1.5543850612299994 -0.30575539568345356

-0.3317824097189724 -0.30575539568345356
-0.3229755903936847 -0.2697841726618706

1.5543850612299994 -0.30575539568345356
1.5899280575539567 -0.289674621039166

1.626209120187748 -0.2697841726618706
1.5899280575539567 -0.289674621039166

-0.32297559039368473 -0.2697841726618706
-0.31543838958301257 -0.23381294964028765

1.626209120187748 -0.2697841726618706
1.6198392131184682 -0.23381294964028765

-0.34892086330935257 -0.23288123929012639
-0.3883201986496144 -0.19784172661870514

-0.31543838958301257 -0.23381294964028765
-0.34892086330935257 -0.23288123929012639

1.6198392131184682 -0.23381294964028765
1.6144671555544694 -0.19784172661870514

-0.3883201986496144 -0.19784172661870514
-0.38301834980615235 -0.16187050359712263

1.6144671555544694 -0.19784172661870514
1.6100521398497316 -0.16187050359712263

-0.38301834980615235 -0.16187050359712263
-0.37882929278825256 -0.12589928057553967

1.6100521398497316 -0.16187050359712263
1.6065603781263975 -0.12589928057553967

-0.37882929278825256 -0.12589928057553967
-0.3757274415118015 -0.08992805755395672

1.6065603781263975 -0.12589928057553967
1.6039649761530599 -0.08992805755395672

-0.3757274415118015 -0.08992805755395672
-0.3736825360889728 -0.05395683453237421

1.6039649761530599 -0.08992805755395672
1.6022458392905476 -0.05395683453237421

-0.3736825360889728 -0.05395683453237421
-0.37266782850856517 -0.0179856115107917

1.6022458392905476 -0.05395683453237421
1.6013896060967554 -0.0179856115107917

-0.7050359712230216 -0.017879379276439792
-0.7420066267582135 0.017985611510791255

-0.6654676258992809 -0.016296548969888337
-0.7050359712230216 -0.017879379276439795

-0.6258992805755397 -0.017765152143415567
-0.6654676258992809 -0.016296548969888337

-0.5878408618649922 0.017985611510791255
-0.6258992805755397 -0.01776515214341557

-0.37266782850856517 -0.0179856115107917
-0.34892086330935257 0.01737119759593092

-0.3093525179856118 0.015801240863995196
-0.34892086330935257 0.01737119759593092

-0.2697841726618706 0.013990453023260192
-0.3093525179856118 0.015801240863995192

-0.23021582733812984 0.011482589616458028
-0.2697841726618706 0.013990453023260192

-0.19064748201438864 0.007115314939842927
-0.23021582733812984 0.011482589616458028

-0.15107913669064787 -0.0024999039559448887
-0.19064748201438864 0.007115314939842925

-0.11151079136690667 -0.008709928735441103
-0.15107913669064787 -0.0024999039559448905

-0.07194244604316591 -0.011399623900525874
-0.11151079136690667 -0.008709928735441099

-0.0323741007194247 -0.013268696269991342
-0.07194244604316591 -0.01139962390052587

0.007194244604316502 -0.014214195556979824
-0.0323741007194247 -0.013268696269991338

0.04676258992805726 -0.01291677826705188
0.007194244604316502 -0.014214195556979822

0.08633093525179847 -0.011692379945332806
0.04676258992805726 -0.012916778267051881

0.12589928057553923 -0.010603874854618424
0.08633093525179847 -0.011692379945332804

0.16546762589928043 -0.00959590562317748
0.12589928057553923 -0.010603874854618424

0.2050359712230212 -0.00864088788744396
0.16546762589928043 -0.009595905623177484

0.2446043165467624 -0.00772381074986076
0.2050359712230212 -0.008640887887443962

0.28417266187050316 -0.006835665243552148
0.2446043165467624 -0.007723810749860761

0.32374100719424437 -0.005970622441326319
0.28417266187050316 -0.006835665243552152

0.36330935251798513 -0.005124684399332148
0.32374100719424437 -0.005970622441326321

0.40287769784172633 -0.004294977077513397
0.36330935251798513 -0.0051246843993321516

0.44244604316546754 -0.0034793517837813422
0.40287769784172633 -0.0042949770775133934

0.4820143884892083 -0.002676147162251296
0.44244604316546754 -0.0034793517837813474

0.5215827338129495 -0.0018840402560545873
0.4820143884892083 -0.0026761471622512925

0.5611510791366903 -0.0011019496437712738
0.5215827338129495 -0.0018840402560545838

0.6007194244604315 -0.0003289703629405713
0.5611510791366903 -0.0011019496437712738

0.6402877697841722 0.0004356710473114693
0.6007194244604315 -0.0003289703629405713

0.6798561151079134 0.0011926483726382893
0.6402877697841722 0.0004356710473114693

0.7194244604316542 0.0019425587516185214
0.6798561151079134 0.0011926483726382893

0.7589928057553954 0.002685939673886948
0.7194244604316542 0.0019425587516185214

0.7985611510791362 0.003423281763923605
0.7589928057553954 0.0026859396738869515

0.8381294964028774 0.004155038569468656
0.7985611510791362 0.0034232817639236104

0.8776978417266186 0.004881634190245759
0.8381294964028774 0.004155038569468654

0.9172661870503593 0.005603469330991588
0.8776978417266186 0.004881634190245761

0.9568345323741005 0.006320926194280763
0.9172661870503593 0.005603469330991588

0.9964028776978413 0.0070343725138945525
0.9568345323741005 0.006320926194280763

1.0359712230215825 0.007744164950216733
0.9964028776978413 0.007034372513894551

1.0755395683453237 0.008450652013738253
1.0359712230215825 0.007744164950216735

1.115107913669064 0.009154176643706772
1.0755395683453237 0.008450652013738255

1.1546762589928052 0.009855078541335334
1.115107913669064 0.009154176643706772

1.1942446043165464 0.010553696337504418
1.1546762589928052 0.00985507854133533

1.2338129496402876 0.011250369661362072
1.1942446043165464 0.010553696337504422

1.2733812949640289 0.011945441167166657
1.2338129496402876 0.011250369661362076

1.3129496402877692 0.012639258571158513
1.2733812949640289 0.011945441167166657

1.3525179856115104 0.013332176747566253
1.3129496402877692 0.01263925857115851

1.3920863309352516 0.014024559932701477
1.3525179856115104 0.01333217674756625

1.4316546762589928 0.014716784088335835
1.3920863309352516 0.014024559932701481

1.471223021582733 0.015409239480239083
1.4316546762589928 0.014716784088335837

1.5107913669064743 0.016102333535139006
1.471223021582733 0.015409239480239085

1.5503597122302155 0.01679649404989557
1.5107913669064743 0.016102333535139006

1.5899280575539567 0.01749217284108969
1.5503597122302155 0.016796494049895572

1.6013896060967554 -0.0179856115107917
1.5899280575539567 0.01749217284108969

-0.7420066267582135 0.017985611510791255
-0.7050359712230216 0.05227924335540534

-0.6654676258992809 0.037377679948580766
-0.7050359712230216 0.05227924335540534

-0.6258992805755397 0.052293305087075644
-0.6654676258992809 0.037377679948580766

-0.5878408618649922 0.017985611510791255
-0.6258992805755397 0.052293305087075644

