-1.209310926816664 -2.5
-1.204440262946943 -2.4640287769784175

-1.204440262946943 -2.4640287769784175
-1.1999141709111019 -2.4280575539568345

-1.1999141709111019 -2.4280575539568345
-1.1957324362122541 -2.3920863309352516

-1.1957324362122541 -2.3920863309352516
-1.1918948207870455 -2.356115107913669

-1.1918948207870455 -2.356115107913669
-1.188401067360848 -2.3201438848920866

-1.188401067360848 -2.3201438848920866
-1.1852509043708712 -2.2841726618705036

-1.1852509043708712 -2.2841726618705036
-1.1824440515189847 -2.2482014388489207

-1.1824440515189847 -2.2482014388489207
-1.179980226023312 -2.212230215827338

-1.2194244604316549 -2.1783143542023455
-1.2569809652848947 -2.1762589928057556

-1.179980226023312 -2.212230215827338
-1.2194244604316549 -2.1783143542023455

-1.2569809652848947 -2.1762589928057556
-1.2551873935223272 -2.1402877697841727

-1.2551873935223272 -2.1402877697841727
-1.25373719468305 -2.1043165467625897

-1.25373719468305 -2.1043165467625897
-1.2526305562904336 -2.068345323741007

-1.2526305562904336 -2.068345323741007
-1.2518677438938042 -2.0323741007194247

-1.2518677438938042 -2.0323741007194247
-1.2514491166471704 -1.9964028776978417

-1.2514491166471704 -1.9964028776978417
-1.2513751446926966 -1.960431654676259

-1.2513751446926966 -1.960431654676259
-1.2516464285595215 -1.9244604316546763

-1.2516464285595215 -1.9244604316546763
-1.2522637208149017 -1.8884892086330936

-1.2522637208149017 -1.8884892086330936
-1.253227950234337 -1.8525179856115108

-1.253227950234337 -1.8525179856115108
-1.2545402487910253 -1.816546762589928

-1.2545402487910253 -1.816546762589928
-1.256201981803141 -1.7805755395683454

-1.256201981803141 -1.7805755395683454
-1.2582147816206186 -1.7446043165467626

-1.2582147816206186 -1.7446043165467626
-1.2194244604316549 -1.7202458507556524

-1.181420148729029 -1.70863309352518
-1.2194244604316549 -1.7202458507556524

-1.181420148729029 -1.70863309352518
-1.1840972348245258 -1.6726618705035972

-1.1840972348245256 -1.6726618705035972
-1.1871219541047286 -1.6366906474820144

-1.1871219541047286 -1.6366906474820144
-1.1904961871176951 -1.6007194244604317

-1.1904961871176951 -1.6007194244604317
-1.1942222002027965 -1.564748201438849

-1.1942222002027965 -1.564748201438849
-1.1983026982915816 -1.5287769784172662

-1.1983026982915816 -1.5287769784172662
-1.202740883878293 -1.4928057553956835

-1.202740883878293 -1.4928057553956835
-1.207540522862507 -1.4568345323741008

-1.207540522862507 -1.4568345323741008
-1.2127060180369553 -1.420863309352518

-1.2127060180369553 -1.420863309352518
-1.2182424910669083 -1.3848920863309353

-1.2182424910669083 -1.3848920863309353
-1.1798561151079139 -1.3559394323055634

-1.1449122793894198 -1.3489208633093526
-1.1798561151079139 -1.3559394323055634

-1.1449122793894198 -1.3489208633093526
-1.1510544666182139 -1.3129496402877698

-1.1510544666182139 -1.3129496402877698
-1.1575631022015929 -1.276978417266187

-1.1575631022015929 -1.276978417266187
-1.1644443950884413 -1.2410071942446044

-1.1644443950884413 -1.2410071942446044
-1.171705535701638 -1.2050359712230216

-1.171705535701638 -1.2050359712230216
-1.1793548086468164 -1.169064748201439

-1.1793548086468164 -1.169064748201439
-1.140287769784173 -1.135267868027176

-1.1080525400077836 -1.1330935251798562
-1.140287769784173 -1.135267868027176

-1.1080525400077836 -1.1330935251798562
-1.1162466291373316 -1.0971223021582734

-1.1162466291373316 -1.0971223021582734
-1.1248222077616776 -1.0611510791366907

-1.1248222077616776 -1.0611510791366907
-1.1337888608956994 -1.025179856115108

-1.1337888608956994 -1.025179856115108
-1.100719424460432 -1.0138984161024571

-1.0639295734181486 -0.9892086330935252
-1.100719424460432 -1.0138984161024571

-1.0639295734181486 -0.9892086330935252
-1.0733806339112477 -0.9532374100719425

-1.0733806339112477 -0.9532374100719425
-1.083210507524458 -0.9172661870503598

-1.083210507524458 -0.9172661870503598
-1.093429028362956 -0.881294964028777

-1.093429028362956 -0.881294964028777
-1.0611510791366907 -0.8697369396491152

-1.0247915759708905 -0.8453237410071943
-1.0611510791366907 -0.8697369396491152

-1.0247915759708905 -0.8453237410071943
-1.0354011170609587 -0.8093525179856116

-1.0354011170609587 -0.8093525179856116
-1.0463752337201995 -0.7733812949640289

-1.0463752337201995 -0.7733812949640289
-1.057720807360287 -0.7374100719424461

-1.057720807360287 -0.7374100719424461
-1.0215827338129497 -0.7116729716216635

-0.9899808327770812 -0.7014388489208634
-1.0215827338129497 -0.7116729716216635

-0.9899808327770812 -0.7014388489208634
-1.0015730154666842 -0.6654676258992807

-1.0015730154666842 -0.6654676258992807
-1.0134894727091701 -0.6294964028776979

-1.0134894727091701 -0.6294964028776979
-0.9820143884892087 -0.6169708487989537

-0.9464231464974927 -0.5935251798561152
-0.9820143884892087 -0.6169708487989537

-0.9464231464974927 -0.5935251798561152
-0.9584431887922154 -0.5575539568345325

-0.9584431887922154 -0.5575539568345325
-0.9707180594182748 -0.5215827338129497

-0.9707180594182748 -0.5215827338129497
-0.942446043165468 -0.5179313470386125

-0.9040490880909741 -0.485611510791367
-0.942446043165468 -0.5179313470386125

-0.9040490880909741 -0.485611510791367
-0.916267477885895 -0.4496402877697845

-0.916267477885895 -0.4496402877697845
-0.9286655186826341 -0.41366906474820153

-0.9286655186826341 -0.41366906474820153
-0.941234519268788 -0.3776978417266186

-0.941234519268788 -0.3776978417266186
-0.9028776978417268 -0.34501249970128073

-0.8743907082161512 -0.34172661870503607
-0.9028776978417268 -0.34501249970128073

-0.8743907082161512 -0.34172661870503607
-0.8868184669562168 -0.30575539568345356

-0.8868184669562168 -0.30575539568345356
-0.8994906517407972 -0.2697841726618706

-0.8994906517407972 -0.2697841726618706
-0.8633093525179856 -0.2429169570489604

-0.8330024053432167 -0.23381294964028765
-0.8633093525179856 -0.2429169570489604

-0.8330024053432167 -0.23381294964028765
-0.8460525780194877 -0.19784172661870514

-0.8460525780194877 -0.19784172661870514
-0.8600009134172707 -0.16187050359712263

-0.8600009134172707 -0.16187050359712263
-0.8237410071942448 -0.13357779350317128

-0.7956018797434585 -0.12589928057553967
-0.8237410071942448 -0.13357779350317125

-0.7956018797434585 -0.12589928057553967
-0.8124490947323816 -0.08992805755395672

-0.8124490947323816 -0.08992805755395672
-0.7841726618705036 -0.07384233117787582

-0.7533616283971418 -0.05395683453237421
-0.7841726618705036 -0.07384233117787582

-0.7533616283971418 -0.05395683453237421
-0.7797150408553398 -0.0179856115107917

-0.7797150408553398 -0.0179856115107917
-0.7446043165467628 0.017799162676234215

-0.7050359712230216 0.01577595266375586
-0.7446043165467628 0.01779916267623421

-0.6654676258992809 0.01286579139399217
-0.7050359712230216 0.01577595266375586

-0.6258992805755397 0.007672733381871178
-0.6654676258992809 0.01286579139399217

-0.5863309352517989 0.0031330552620666176
-0.6258992805755397 0.0076727333818711815

-0.5467625899280577 0.0024035473284392574
-0.5863309352517989 0.0031330552620666193

-0.507194244604317 0.0022725266524316404
-0.5467625899280577 0.002403547328439254

-0.46762589928057574 0.002217990874597873
-0.507194244604317 0.002272526652431637

-0.42805755395683454 0.0021675924793806943
-0.46762589928057574 0.002217990874597873

-0.3884892086330938 0.0021038503151195875
-0.42805755395683454 0.0021675924793806943

-0.34892086330935257 0.0020194444354575056
-0.3884892086330938 0.002103850315119584

-0.3093525179856118 0.0019069089761643739
-0.34892086330935257 0.002019444435457509

-0.2697841726618706 0.001751990217399288
-0.3093525179856118 0.0019069089761643739

-0.23021582733812984 0.0015179097260203667
-0.2697841726618706 0.001751990217399288

-0.19064748201438864 0.0010636453110144037
-0.23021582733812984 0.0015179097260203701

-0.15107913669064787 -0.0005766864401741782
-0.19064748201438864 0.0010636453110144037

-0.11151079136690667 -0.0031436203745044255
-0.15107913669064787 -0.0005766864401741782

-0.07194244604316591 -0.005296723195693853
-0.11151079136690667 -0.0031436203745044272

-0.0323741007194247 -0.007496634032109624
-0.07194244604316591 -0.005296723195693853

0.007194244604316502 -0.008993914377171416
-0.0323741007194247 -0.0074966340321096225

0.04676258992805726 -0.00742057381633931
0.007194244604316502 -0.008993914377171418

0.08633093525179847 -0.006227351001807267
0.04676258992805726 -0.007420573816339312

0.12589928057553923 -0.005338654374103203
0.08633093525179847 -0.006227351001807265

0.16546762589928043 -0.0046193112242232034
0.12589928057553923 -0.005338654374103205

0.2050359712230212 -0.004007203468954123
0.16546762589928043 -0.0046193112242232

0.2446043165467624 -0.0034693340324269926
0.2050359712230212 -0.004007203468954123

0.28417266187050316 -0.002986067596201831
0.2446043165467624 -0.0034693340324269926

0.32374100719424437 -0.002544731225655539
0.28417266187050316 -0.0029860675962018364

0.36330935251798513 -0.0021366387445159105
0.32374100719424437 -0.0025447312256555374

0.40287769784172633 -0.0017555551731404592
0.36330935251798513 -0.002136638744515914

0.44244604316546754 -0.0013968382579237146
0.40287769784172633 -0.0017555551731404558

0.4820143884892083 -0.0010569273069971803
0.44244604316546754 -0.001396838257923711

0.5215827338129495 -0.0007330229426061978
0.4820143884892083 -0.0010569273069971803

0.5611510791366903 -0.0004228778741092072
0.5215827338129495 -0.0007330229426062013

0.6007194244604315 -0.00012465530971591393
0.5611510791366903 -0.0004228778741092107

0.6402877697841722 0.00016316977510715674
0.6007194244604315 -0.00012465530971591393

0.6798561151079134 0.00044188129076317903
0.6402877697841722 0.00016316977510715674

0.7194244604316542 0.0007125737515615259
0.6798561151079134 0.00044188129076317556

0.7589928057553954 0.0009761908995812724
0.7194244604316542 0.0007125737515615224

0.7985611510791362 0.0012335550717838123
0.7589928057553954 0.0009761908995812758

0.8381294964028774 0.0014853898949601409
0.7985611510791362 0.0012335550717838123

0.8776978417266186 0.001732338088401307
0.8381294964028774 0.0014853898949601409

0.9172661870503593 0.0019749756248625613
0.8776978417266186 0.001732338088401307

0.9568345323741005 0.0022138231447248677
0.9172661870503593 0.0019749756248625613

0.9964028776978413 0.002449355274680841
0.9568345323741005 0.0022138231447248677

1.0359712230215825 0.0026820083326019907
0.9964028776978413 0.002449355274680841

1.0755395683453237 0.002912186780266557
1.0359712230215825 0.002682008332601989

1.115107913669064 0.0031402686996788755
1.0755395683453237 0.0029121867802665517

1.1546762589928052 0.003366610506474719
1.115107913669064 0.0031402686996788737

1.1942446043165464 0.0035915510684805425
1.1546762589928052 0.0033666105064747206

1.2338129496402876 0.0038154153642002246
1.1942446043165464 0.003591551068480546

1.2733812949640289 0.004038517791635776
1.2338129496402876 0.0038154153642002246

1.3129496402877692 0.004261165220205695
1.2733812949640289 0.004038517791635778

1.3525179856115104 0.004483659866095051
1.3129496402877692 0.004261165220205698

1.3920863309352516 0.004706302063138705
1.3525179856115104 0.004483659866095049

1.4316546762589928 0.004929392996657924
1.3920863309352516 0.004706302063138703

1.471223021582733 0.005153237466184079
1.4316546762589928 0.004929392996657924

1.5107913669064743 0.005378146744609933
1.471223021582733 0.0051532374661840755

1.5503597122302155 0.005604441606143637
1.5107913669064743 0.0053781467446099365

1.5899280575539567 0.005832455603897887
1.5503597122302155 0.005604441606143632

1.629496402877697 0.006062538690724359
1.5899280575539567 0.005832455603897885

1.6690647482014382 0.006295061295091942
1.629496402877697 0.006062538690724359

1.7086330935251794 0.006530418989030177
1.6690647482014382 0.006295061295091943

1.7482014388489207 0.00676903791979528
1.7086330935251794 0.00653041898903018

1.7877697841726619 0.00701138122444488
1.7482014388489207 0.006769037919795284

1.8273381294964022 0.007257956712056944
1.7877697841726619 0.0070113812244448764

1.8669064748201434 0.007509326189531575
1.8273381294964022 0.007257956712056941

1.9064748201438846 0.007766116935315245
1.8669064748201434 0.007509326189531578

1.9460431654676258 0.008029036008739814
1.9064748201438846 0.007766116935315251

1.985611510791366 0.00829888834882669
1.9460431654676258 0.008029036008739813

2.0251798561151073 0.0085766000100461
1.985611510791366 0.00829888834882669

2.0647482014388485 0.00886324847709809
2.0251798561151073 0.0085766000100461

2.1043165467625897 0.009160102920458341
2.0647482014388485 0.008863248477098093

2.143884892086331 0.009468678715710319
2.1043165467625897 0.009160102920458336

2.1834532374100712 0.009790812943600784
2.143884892086331 0.009468678715710315

2.2230215827338125 0.010128771649450051
2.1834532374100712 0.009790812943600784

2.2625899280575537 0.010485406817314039
2.2230215827338125 0.010128771649450048

2.302158273381295 0.01086439431253063
2.2625899280575537 0.010485406817314046

2.341726618705035 0.011270610118979181
2.302158273381295 0.010864394312530633

2.3812949640287764 0.011710756927052823
2.341726618705035 0.011270610118979181

2.4208633093525176 0.012194478111299867
2.3812949640287764 0.011710756927052824

2.460431654676259 0.0127365136952791
2.4208633093525176 0.012194478111299865

2.5 0.013361380421604695
2.460431654676259 0.012736513695279101

